00000000000000000000000000000000
00000000000000011101000000000000
00000000000011111111100000000000
00000000011111111111100000000000
00000001111111100011110000000000
00000011111100000001100000000000
00000011110000000011100000000000
00000111100000000011100000000000
00000111100000000111100000000000
00000111000000000111000000000000
00000111000000001111111110000000
00000111000000001111111111100000
00000011000000001111111111110000
00000001000000011111111111110000
00000000000000011111000011111000
00000000000000001100000001111000
00000000000000000000000000111100
00000000000000000000000000111100
00000000000000000000000000111100
00000000000000000000000000111100
11000000000000000000000000111100
11010000000000000000000001111100
01100000000000000000000001111000
11110000000000000000000011111000
10111000000000000000000111110000
10100000000000000000101111110000
10010000000100000001111111100000
00000000011111111111111111000000
11101000011111111111111110000000
00000000011111111111111000000000
10111000010111111111110001000100
11111010000000000000000000000000
