000000000000000000000000000000000000
000000000000000000000000000000000000
000000010000000000000000000000000000
000000010000000000000000000000000000
000000011111100000000000000000000000
000000010000000000000000000000000000
000000010000000000000000000000000000
000000001111100000000000000000000000
000000010010000000000000000000000000
000000001111100000000000000000000000
000000000000000000000000000000000000
000000011100100000000000000000000000
000000010100100000000000000000000000
000000010100100000000000000000000000
000000010111100000000000000000000000
000000011111100000000000000000000000
000000001000000000000000000000000000
000000000100000000000000000000000000
000000000010000000000000000000000000
000000000001000000000000000000000000
000000011111100000000000000000000000
000000011111100000000000000000000000
000000010100100000000000000000000000
000000010100100000000000000000000000
000000011111100000000000000000000000
000000010100100000000000000000000000
000000010100100000000000000000000000
000000001111100000000000000000000000
000000010010000000000000000000000000
000000001111100000000000000000000000
000000000000000000000000000000000000
000000000000000000000000000000000000
000000000000000000000000000000000000
000000000000000000000000000000000000
000000000000000000000000000000000000
000000000000000000000000000000000000
000000000000000000000000000000000000
000000000000000000000000000000000000
000000000000000000000000000000000000
000000000000000000000000000000000000
000000000000000000000000000000000000
000000000000000000000000000000000000
000000000000000000000000000000000000
000000000000000000000000000000000000
000000000000000000000000000000000000
000000000000000000000000000000000000
000000000000000000000000000000000000
000000000000000000000000000000000000
000000000000000000000000000000000000
000000000000000000000000000000000000
