00000000000000000000000000000000
00000000000000000000000000000000
00000000000111000000000000000000
00000000001111000000000000000000
00000000011111000000000000000000
00000000111111110000000000000000
00000000111111111000000000000000
00000000011110111000000000000000
00000000011100011100000000000000
00000000011100001110000000000000
00000000111100001111000000000000
00000000111100000111100000000000
00000000111000000011100000000000
00000000111000000011110000000000
00000001111000000001111000000000
00000001111000000001111000000000
00000001110000000000111100000000
00000001111000000111111110000000
00000011111111111111111110000000
00000011111111111111111111000000
00000111111111111110101111000000
00000011111111111000001111100000
00000111111111000000000111110000
00000011111110000000000111110000
00010111111000001000000111111000
00000111111101100000010111111000
00011111111111010001100101111100
00001111111111011101111101111110
11111111111111100011111111111111
11011111111111111111111111111110
11111111111111111101111011011111
11111111111111111111111111111110
