00000000000000000000000000000000
00000000000000000000000000000000
00000000000000000000000000000000
00000000000000001000000000000000
00000000000000011100000000000000
00000000000000111100000000000000
00000000000000111100000000000000
00000000000000111110000000000000
00000000000001111110000000000000
00000000000001101110000000000011
00000000000011101110000000000011
00000000000011101110000000000111
00000000000011001110000000000111
00000000000111001111000000001111
00000000000110000111000000011111
00000000000110000111000000001111
00000000001110000111000000001111
00000000001100001111100000001111
00000000001100111111100001111111
00000000011111111111100001111111
00000000011111110011111011111111
00000000011111000011111111111111
00000000111000000011111111111111
00000000110000000011111111111111
00000000110000000011111111111111
00000001110000000011111111111111
00000001100000000001111111111111
00000001100000000001111111111111
00000011100000000011111111111111
00000011100000000011111111111111
00000011000000000011111111111111
00000011000000000111111111111111
