00000000000000000000000000000000
00000000000110000000000000000000
00000000000111000000000000000000
00000000001111000000000000000000
00000000001111000000000000000000
00000000001111100000000000000000
00000000011111110000000000000000
00000000011111111000000000000000
00000000011101111100000000000000
00000000011100111100000000000000
00000000111100011110000000000000
00000000111100011110000000000000
00000000111000001111000000000000
00000000111000001111100000000000
00000001111000000111110000000000
00000001110000111111111000000000
00000001110111111111111000000000
00000001111111111111111000000001
00000001111111100001111100000011
00000011111100000000111110000001
00000011110000000000111111000111
00000011100000000000011111111111
00000011100000000000001111111111
00000111100000000000001111111111
00000111100000000000000111111111
00000111100000000000000111111111
00001111000000000000000111111111
00001111000000000000000111111111
00011110000000000000000011111111
00001110000000000000000111111111
00001100000000000000011111111111
00000000000000000000111111111111
