00000000000000000000000000000000
00000000000000000000000000000000
00000000000000000000000000000000
00000000000111100000000000000000
00000000001111100000000000000000
00000000000111110000000000000000
00000000001111111000000000000000
00000000001111111000000000000000
00000000001111111100000000000000
00000000011110111100000000000000
00000000011110111100000000000000
00000000011100011110000000000000
00000000111100011110000000000000
00000000111100001111000000000000
00000000111100001111000000000000
10000000111100001111000000000000
00000000111000111111100000000000
00000001111111111111100000000000
00000001111111111111100000000000
00000001111111111111110000000000
00000011111111000011110000000000
10000011111100000011110000000000
00000111111000000011110000000000
00001111111000000011111000000000
10100111110000000001111000000000
11111111110000000001111000000000
11111111110000000001111100000000
01101111100000000001111100000000
00111111100000000000111100000000
11111111000000000000111100000000
11111111000000000000011110000000
01001010100100000000011100000000
