00000000000000000000000000000000
00000000000000110000000000000000
00000000000111111110000000000000
00000000001111111110000000000000
00000000011111111111000000000000
00000001111110011111000000000000
00000011111100011111000000000000
00000111110000011110000000000000
00000111100000001110000000000000
00001111000000000000000000000000
00011111000000000000000000000000
00011110000000000000000000000000
00011110000000000000000000000000
00011100000000000000000000000000
00011100000000000000000000000000
00011110000000000000000000000000
00011110000000000000000000000000
00011111000000000000000000000000
00011111111100000000000000011100
00001111111111111111111111111100
00000111111111111111111111111110
00001111111111111111111111111100
00001011111111111111111111111100
10011110111111111111111111100000
11011111111111111111110010000000
11111111111111111110101100000000
11111111111111011111111000000000
11111111111111111111110100000000
11111111111111111111111010100100
11111111111111111111111100001000
11111111111111111111111111110000
11111111111111111111010000000000
