00000000000000000000000000000000
00000000000011000000000000000000
00000000011111110000000000000000
00000000111111110000000000000000
00000011111101110000000000000000
00000011110001110000000000000000
00000111100000110000000000000000
00001111000000110000000000000000
00011110000000000000000000000000
00011110000000000000000000000000
00111100000000000000000000000000
11111100000000000000000000000000
00111100000000000000000000000000
01111100000000000000000000000000
00111100000000000000000000000000
00111111100000000000000000000000
00011111111110000000000000000000
00011111111111111111110000000000
01001111111111111111111111111100
01000111111111111111111111111100
11100001111111111111111111111100
11110001000000111111111111111100
11110100000000000000000000000000
11111111100000000000000000000000
11111111111000010000000000000000
11111111101111100000000000000000
11111111111111100000000000000000
11111111111111111000000000000000
11111111111111111110110000000000
11111111111111111111111001000000
11111111111111111111111111111111
11111111111111111111111111111111
