00000000000011100000000000000000
00000000011111111100000000000000
00000001111111111111000000000000
00000011111111111111000000000000
00000111110000001110000000000000
00001111100000000110000000000000
00011111000000000000000000000000
00011110000000000000000000000000
00111100000000000000000000000000
00111100000000000000000000000000
01111000000000000000000000000000
01111000000000000000000000000000
11111000000000000000000000000000
11111000000000000000000000000000
11110000000000000000000000000000
11111000000000000000000000000000
11111000000000000000000000000000
11111000000000000000000000000000
11111000000000000000000000000000
11111010000000000000000000000000
11111100000000000000000000000000
11111100000000000000000000000000
11111110000000000000100000000000
11111110000001000011111000000000
11111111100011111111111000000000
11111111111111111111111000000000
11111111111111111111111000000000
11011111111111111111111000000000
11111111111111111111100000000100
11111111111111111111100000000010
00110111111111111111111011000010
11111011111111111111111101101000
