00000000000000000000000000000000
00000000000001110000000000000000
00000000001111111100000000000000
00000000111111111100000000000000
00000001111111111100000000000000
00000011111100111100000000000000
00000111110000011000000000000000
00001111100000000000000000000000
00011111000000000000000000000000
00011110000000000000000000000000
00111100000000000000000000000000
00111100000000000000000000000000
00111100000000000000000000000000
01111000000000000000000000000000
01111000000000000000000000000000
01111000000000000000000000000000
01111000000000000000000000000000
01111000000000000000000000000000
01111100000000000000000000000000
00111111110001000000000000000000
00111111111111111111111111111100
00011111111111111111111111111110
00011111111111111111111111111110
00000111111111111111111111111100
00000011111111111111111111111000
00000000000001110100000000000000
00000000000000011110000000100000
00000000000000011100010000100000
00000000000000010010000000100100
00000000000000011111000000100000
00000000000000011110000001110111
00000000000000000110001000010111
