TEST CASE: #1
	14	13	15	7
	11	12	9	5
	6	0	2	1
	4	8	10	3
Bound        Nodes         Time
   41          111     0.00002
   43          773     0.00013
   45         5598     0.00073
   47        37370     0.00516
   49       231828     0.03991
   51      1409988     0.11138
   53      8435546     0.49870
   55     49597632     2.78480
   57    160760740    10.25638
TEST CASE: #2
	13	5	4	10
	9	12	8	14
	2	3	7	1
	0	15	11	6
Bound        Nodes         Time
   43            1     0.00000
   45          429     0.00002
   47         6485     0.00031
   49        70297     0.00353
   51       632572     0.03277
   53      4994961     0.26605
   55      7942202     0.62770
TEST CASE: #3
	14	7	8	2
	13	11	10	4
	9	12	5	0
	3	6	1	15
Bound        Nodes         Time
   41            1     0.00000
   43           57     0.00001
   45          672     0.00005
   47         6767     0.00043
   49        59660     0.00317
   51       475892     0.02490
   53      3500750     0.18600
   55     24158289     1.30937
   57    158615496     8.73110
   59     58089230    11.41960
TEST CASE: #4
	5	12	10	7
	15	11	14	0
	8	2	1	13
	3	4	9	6
Bound        Nodes         Time
   42            2     0.00000
   44          181     0.00001
   46         2965     0.00015
   48        34359     0.00173
   50       308622     0.01638
   52      2439871     0.13180
   54     17616804     0.95418
   56     84430315     4.91703
TEST CASE: #5
	4	7	14	13
	10	3	9	12
	11	5	6	15
	1	2	8	0
Bound        Nodes         Time
   42            4     0.00000
   44          140     0.00001
   46         1336     0.00007
   48        10735     0.00059
   50        83075     0.00435
   52       634993     0.03366
   54      4669286     0.24842
   56       241917     0.25953
TEST CASE: #6
	14	7	1	9
	12	3	6	15
	8	11	2	5
	10	0	4	13
Bound        Nodes         Time
   36            4     0.00000
   38           18     0.00000
   40          155     0.00003
   42         1077     0.00008
   44         8014     0.00051
   46        57020     0.00330
   48       381203     0.02165
   50      2439490     0.13931
   52      1786152     0.22810
TEST CASE: #7
	2	11	15	5
	13	4	6	7
	12	8	10	1
	9	3	14	0
Bound        Nodes         Time
   30            1     0.00000
   32           12     0.00000
   34           44     0.00001
   36          226     0.00003
   38         1080     0.00009
   40         5845     0.00044
   42        32714     0.00203
   44       185044     0.01088
   46      1056735     0.06136
   48      5986735     0.34579
   50     33230889     1.92958
   52    159572952     9.54370
TEST CASE: #8
	12	11	15	3
	8	0	4	2
	6	13	9	5
	14	1	10	7
Bound        Nodes         Time
   32            8     0.00000
   34           41     0.00002
   36          256     0.00003
   38         1550     0.00011
   40         8532     0.00058
   42        47402     0.00289
   44       256185     0.01539
   46      1371873     0.08122
   48      7256783     0.43046
   50     27415620     1.75728
TEST CASE: #9
	3	14	9	11
	5	4	8	2
	13	12	6	7
	10	1	15	0
Bound        Nodes         Time
   32            2     0.00000
   34           26     0.00000
   36          265     0.00002
   38         2244     0.00013
   40        15507     0.00088
   42        95254     0.00558
   44       542761     0.03228
   46       232504     0.04349
TEST CASE: #10
	13	11	8	9
	0	15	7	10
	4	3	6	14
	5	12	2	1
Bound        Nodes         Time
   43            5     0.00000
   45           62     0.00001
   47         1089     0.00006
   49        12807     0.00069
   51       126272     0.00665
   53      1144170     0.06112
   55      9230443     0.49914
   57     68392387     3.71970
   59     11401035     4.26211
TEST CASE: #11
	5	9	13	14
	6	3	7	12
	10	8	4	0
	15	2	11	1
Bound        Nodes         Time
   43           56     0.00000
   45          519     0.00004
   47         4063     0.00025
   49        30592     0.00170
   51       222861     0.01204
   53      1538572     0.08427
   55     10277834     0.56529
   57     16632025     1.36026
TEST CASE: #12
	14	1	9	6
	4	8	12	5
	7	2	3	0
	10	11	13	15
Bound        Nodes         Time
   35           22     0.00000
   37          146     0.00001
   39         1005     0.00006
   41         6768     0.00040
   43        44266     0.00258
   45       247263     0.01484
TEST CASE: #13
	3	6	5	2
	10	0	15	14
	1	4	13	12
	9	8	11	7
Bound        Nodes         Time
   36          409     0.00002
   38         5945     0.00029
   40        48704     0.00253
   42       315662     0.01728
   44      1825181     0.10354
   46      7181398     0.44017
TEST CASE: #14
	7	6	8	1
	11	5	14	10
	3	4	9	13
	15	2	0	12
Bound        Nodes         Time
   41            6     0.00000
   43           64     0.00001
   45         1134     0.00007
   47         9819     0.00055
   49        76456     0.00400
   51       531843     0.02798
   53      3453637     0.18550
   55     21395192     1.17042
   57    127812121     7.10662
   59     21017480     8.06967
TEST CASE: #15
	13	11	4	12
	1	8	9	15
	6	5	14	2
	7	3	10	0
Bound        Nodes         Time
   44            1     0.00000
   46           38     0.00000
   48          531     0.00003
   50         4337     0.00028
   52        34788     0.00186
   54       263760     0.01397
   56      1934780     0.10158
   58     13801359     0.73910
   60     95573376     5.11851
   62    266213334    17.31557
TEST CASE: #16
	1	3	2	5
	10	9	15	6
	8	14	13	11
	12	4	7	0
Bound        Nodes         Time
   24           15     0.00000
   26           82     0.00001
   28          323     0.00003
   30         1380     0.00010
   32         5759     0.00039
   34        23983     0.00159
   36       101114     0.00672
   38       429884     0.02836
   40      1827028     0.12067
   42      7375892     0.49258
TEST CASE: #17
	15	14	0	4
	11	1	6	13
	7	5	8	9
	3	2	10	12
Bound        Nodes         Time
   46           24     0.00000
   48          100     0.00002
   50          593     0.00005
   52         3153     0.00023
   54        18594     0.00109
   56       110568     0.00587
   58       675006     0.03507
   60      4209733     0.21759
   62     26795311     1.38838
   64    173300848     9.05374
   66    997360370    53.50710
TEST CASE: #18
	6	0	14	12
	1	15	9	10
	11	4	7	2
	8	3	5	13
Bound        Nodes         Time
   43            3     0.00000
   45          368     0.00003
   47         3821     0.00022
   49        36471     0.00192
   51       321379     0.01674
   53      2547227     0.13278
   55      7995283     0.50019
TEST CASE: #19
	7	11	8	3
	14	0	6	15
	1	4	13	9
	5	12	2	10
Bound        Nodes         Time
   36           96     0.00001
   38         1070     0.00007
   40         8662     0.00052
   42        57039     0.00327
   44       354134     0.02012
   46      1013349     0.06892
TEST CASE: #20
	6	12	11	3
	13	7	9	15
	2	14	8	10
	4	1	5	0
Bound        Nodes         Time
   36            1     0.00000
   38            4     0.00000
   40          209     0.00003
   42         2040     0.00015
   44        17161     0.00102
   46       120645     0.00671
   48       801957     0.04482
   50      5042632     0.28434
   52      5858701     0.56396
TEST CASE: #21
	12	8	14	6
	11	4	7	0
	5	1	10	15
	3	13	9	2
Bound        Nodes         Time
   34            5     0.00000
   36           36     0.00000
   38          182     0.00003
   40          953     0.00008
   42         5021     0.00035
   44        25667     0.00162
   46       136011     0.00800
   48       720463     0.04146
   50      3821198     0.21981
   52     20300928     1.18285
   54       773600     1.21936
TEST CASE: #22
	14	3	9	1
	15	8	4	5
	11	7	10	13
	0	2	12	6
Bound        Nodes         Time
   41            1     0.00000
   43           28     0.00002
   45          354     0.00004
   47         3450     0.00024
   49        27796     0.00160
   51       207481     0.01137
   53      1452506     0.08020
   55      9692004     0.53966
   57     62367792     3.51662
   59    101132538     8.36193
TEST CASE: #23
	10	9	3	11
	0	13	2	14
	5	6	4	7
	8	15	1	12
Bound        Nodes         Time
   33            4     0.00000
   35           32     0.00000
   37          474     0.00004
   39         3337     0.00025
   41        21191     0.00129
   43       125341     0.00724
   45       707926     0.04057
   47      3875534     0.22436
   49      2393125     0.34113
TEST CASE: #24
	7	3	14	13
	4	1	10	8
	5	12	9	11
	2	15	6	0
Bound        Nodes         Time
   34            1     0.00000
   36           20     0.00000
   38          122     0.00001
   40          664     0.00004
   42         3339     0.00021
   44        18145     0.00107
   46        97850     0.00580
   48       536444     0.03188
   50      2935118     0.17395
   52     16090387     0.94656
   54      7768211     1.31655
TEST CASE: #25
	11	4	2	7
	1	0	10	15
	6	9	14	8
	3	13	5	12
Bound        Nodes         Time
   32           19     0.00000
   34           74     0.00002
   36          401     0.00004
   38         1773     0.00013
   40         8827     0.00061
   42        45452     0.00275
   44       230243     0.01345
   46      1185597     0.06864
   48      6155652     0.35513
   50     31943890     1.86473
   52     27005189     3.12744
TEST CASE: #26
	5	7	3	12
	15	13	14	8
	0	10	9	6
	1	4	2	11
Bound        Nodes         Time
   40            5     0.00000
   42           65     0.00001
   44          581     0.00005
   46         4083     0.00027
   48        32102     0.00170
   50       252512     0.01277
   52      1864314     0.09545
   54     13078752     0.69335
   56     87717177     4.68916
   58     61594071     7.53268
TEST CASE: #27
	14	1	8	15
	2	6	0	3
	9	12	10	13
	4	7	5	11
Bound        Nodes         Time
   33            5     0.00000
   35           64     0.00001
   37          351     0.00003
   39         2088     0.00013
   41        11902     0.00076
   43        68792     0.00416
   45       393809     0.02376
   47      2205555     0.13315
   49     12089264     0.72580
   51     65104883     3.88786
   53      5760359     4.16661
TEST CASE: #28
	13	14	6	12
	4	5	1	0
	9	3	10	2
	15	11	8	7
Bound        Nodes         Time
   36            4     0.00000
   38           32     0.00000
   40          195     0.00002
   42         1167     0.00007
   44         8267     0.00048
   46        55981     0.00308
   48       365639     0.01976
   50      2294403     0.12511
   52      3916274     0.30623
TEST CASE: #29
	9	8	0	2
	15	1	4	14
	3	10	7	5
	11	13	6	12
Bound        Nodes         Time
   38            2     0.00000
   40          163     0.00003
   42         1423     0.00009
   44        10800     0.00066
   46        73509     0.00408
   48       466393     0.02580
   50      2857991     0.16024
   52     16937476     0.97037
   54     13468570     1.59705
TEST CASE: #30
	12	15	2	6
	1	14	4	8
	5	3	7	0
	10	13	9	11
Bound        Nodes         Time
   35           31     0.00000
   37          228     0.00002
   39         1630     0.00010
   41        11042     0.00069
   43        70654     0.00411
   45       421662     0.02426
   47       867715     0.06526
TEST CASE: #31
	12	8	15	13
	1	0	5	4
	6	3	2	11
	9	7	14	10
Bound        Nodes         Time
   38           46     0.00002
   40          259     0.00003
   42         1543     0.00011
   44         9317     0.00060
   46        58591     0.00333
   48       368800     0.02042
   50      1840289     0.10569
TEST CASE: #32
	14	10	9	4
	13	6	5	8
	2	12	7	0
	1	3	11	15
Bound        Nodes         Time
   43           13     0.00000
   45          187     0.00003
   47         2466     0.00015
   49        23159     0.00121
   51       190053     0.00967
   53      1415503     0.07329
   55      9871369     0.52070
   57     65513233     3.52554
   59    131722438     9.55759
TEST CASE: #33
	14	3	5	15
	11	6	13	9
	0	10	2	12
	4	1	7	8
Bound        Nodes         Time
   42            4     0.00000
   44           59     0.00002
   46          665     0.00005
   48         5074     0.00033
   50        36984     0.00204
   52       258581     0.01374
   54      1752062     0.09302
   56     11605210     0.62166
   58     75281574     4.09605
   60     89834836     8.22893
TEST CASE: #34
	6	11	7	8
	13	2	5	4
	1	10	3	9
	14	0	12	15
Bound        Nodes         Time
   36            3     0.00000
   38           17     0.00000
   40          270     0.00003
   42         2198     0.00014
   44        16844     0.00095
   46       119790     0.00649
   48       809269     0.04410
   50      5240742     0.29549
   52     13731167     0.95012
TEST CASE: #35
	1	6	12	14
	3	2	15	8
	4	5	13	9
	0	7	11	10
Bound        Nodes         Time
   39            1     0.00000
   41            3     0.00000
   43          541     0.00003
   45         5578     0.00031
   47        46035     0.00237
   49       337699     0.01797
   51      2245907     0.12261
   53     14132341     0.77413
   55      8239255     1.15118
TEST CASE: #36
	12	6	0	4
	7	3	15	1
	13	9	8	11
	2	14	5	10
Bound        Nodes         Time
   36           30     0.00000
   38          231     0.00002
   40         1444     0.00009
   42         8927     0.00055
   44        49839     0.00294
   46       275136     0.01593
   48      1500917     0.08665
   50      8080210     0.46946
   52     23583936     1.59445
TEST CASE: #37
	8	1	7	12
	11	0	10	5
	9	15	6	13
	14	2	3	4
Bound        Nodes         Time
   40            3     0.00000
   42          127     0.00002
   44          966     0.00007
   46         7948     0.00047
   48        61552     0.00327
   50       423258     0.02257
   52      2818328     0.15321
   54     18184237     0.99504
   56    114379265     6.39084
   58    119638128    12.04233
TEST CASE: #38
	7	15	8	2
	13	6	3	12
	11	0	4	10
	9	5	1	14
Bound        Nodes         Time
   41           44     0.00000
   43          533     0.00005
   45         4397     0.00030
   47        35157     0.00190
   49       260111     0.01370
   51      1842957     0.09868
   53      2236629     0.20142
TEST CASE: #39
	9	0	4	10
	1	14	15	3
	12	6	5	7
	11	13	8	2
Bound        Nodes         Time
   35          100     0.00001
   37          714     0.00006
   39         4480     0.00034
   41        26383     0.00163
   43       147608     0.00869
   45       811687     0.04801
   47      4330697     0.25835
   49       993564     0.30545
TEST CASE: #40
	11	5	1	14
	4	12	10	0
	2	7	13	3
	9	15	6	8
Bound        Nodes         Time
   36            4     0.00000
   38           38     0.00000
   40          400     0.00003
   42         2983     0.00019
   44        19435     0.00117
   46       122717     0.00717
   48       747187     0.04358
   50      4432051     0.25902
   52     25697287     1.51022
   54     53469686     4.11419
TEST CASE: #41
	8	13	10	9
	11	3	15	6
	0	1	2	14
	12	5	4	7
Bound        Nodes         Time
   36            3     0.00000
   38           21     0.00000
   40          193     0.00002
   42         1440     0.00010
   44        10339     0.00064
   46        72310     0.00414
   48       479089     0.02700
   50      3076082     0.17332
   52     19114691     1.08652
   54     46066208     3.30580
TEST CASE: #42
	4	5	7	2
	9	14	12	13
	0	3	6	11
	8	1	15	10
Bound        Nodes         Time
   30            4     0.00000
   32           70     0.00002
   34          371     0.00004
   36         2450     0.00016
   38        14398     0.00089
   40        80272     0.00472
   42        85150     0.00880
TEST CASE: #43
	11	15	14	13
	1	9	10	4
	3	6	2	12
	7	5	8	0
Bound        Nodes         Time
   48            2     0.00000
   50           36     0.00000
   52          278     0.00003
   54         2146     0.00013
   56        19921     0.00100
   58       201256     0.00971
   60      1966730     0.09560
   62     18394762     0.91643
   64     11020922     1.40667
TEST CASE: #44
	12	9	0	6
	8	3	5	14
	2	4	11	7
	10	1	15	13
Bound        Nodes         Time
   32            2     0.00000
   34          110     0.00002
   36          720     0.00006
   38         3878     0.00028
   40        20460     0.00131
   42       105980     0.00651
   44       533923     0.03257
   46      2645709     0.16160
   48     12976938     0.79407
   50     26700886     2.11461
TEST CASE: #45
	3	14	9	7
	12	15	0	4
	1	8	5	6
	11	10	2	13
Bound        Nodes         Time
   39           17     0.00000
   41          379     0.00004
   43         3241     0.00019
   45        25408     0.00140
   47       174017     0.00940
   49      1119910     0.06165
   51      6050914     0.34553
TEST CASE: #46
	8	4	6	1
	14	12	2	15
	13	10	9	5
	3	7	0	11
Bound        Nodes         Time
   35            9     0.00000
   37          141     0.00002
   39         1364     0.00009
   41        13538     0.00080
   43        99707     0.00550
   45       647847     0.03642
   47      3900036     0.22349
   49      1444413     0.29196
TEST CASE: #47
	6	10	1	14
	15	8	3	5
	13	0	2	7
	4	9	11	12
Bound        Nodes         Time
   35           38     0.00000
   37          289     0.00002
   39         1828     0.00011
   41        11272     0.00067
   43        67345     0.00403
   45       380770     0.02301
   47       704892     0.05778
TEST CASE: #48
	8	11	4	6
	7	3	10	9
	2	12	15	13
	0	1	5	14
Bound        Nodes         Time
   39            1     0.00000
   41          323     0.00002
   43         2994     0.00016
   45        26618     0.00142
   47       203079     0.01112
   49       709428     0.04517
TEST CASE: #49
	10	0	2	4
	5	1	6	12
	11	13	9	7
	15	3	14	8
Bound        Nodes         Time
   33            5     0.00000
   35           20     0.00000
   37           86     0.00001
   39          372     0.00003
   41         1650     0.00011
   43         7437     0.00048
   45        35414     0.00219
   47       173080     0.01050
   49       857438     0.05158
   51      4302928     0.25564
   53     21818992     1.28352
   55    111322131     6.54434
   57    571200541    33.53546
   59    981837421    80.23763
TEST CASE: #50
	12	5	13	11
	2	10	0	9
	7	8	4	3
	14	6	15	1
Bound        Nodes         Time
   39           45     0.00000
   41          398     0.00004
   43         2753     0.00020
   45        18454     0.00112
   47       117642     0.00674
   49       735050     0.04198
   51      4494740     0.25708
   53      1886781     0.34724
TEST CASE: #51
	10	2	8	4
	15	0	1	14
	11	13	3	6
	9	7	5	12
Bound        Nodes         Time
   44          240     0.00003
   46         2617     0.00019
   48        24884     0.00139
   50       206577     0.01097
   52      1559833     0.08357
   54     10942351     0.60774
   56      6719148     0.91959
TEST CASE: #52
	10	8	0	12
	3	7	6	2
	1	14	4	11
	15	13	9	5
Bound        Nodes         Time
   38            3     0.00000
   40           63     0.00001
   42          745     0.00006
   44         5844     0.00041
   46        43136     0.00248
   48       284038     0.01592
   50      1769213     0.09968
   52     10575073     0.60309
   54     61156067     3.54830
   56    279773262    16.98754
TEST CASE: #53
	14	9	12	13
	15	4	8	10
	0	2	1	7
	3	11	5	6
Bound        Nodes         Time
   50          146     0.00002
   52         1677     0.00010
   54        28728     0.00141
   56       321744     0.01592
   58      3026383     0.15310
   60     24955898     1.29256
   62    189284429    10.04774
   64     44009714    12.07286
TEST CASE: #54
	12	11	0	8
	10	2	13	15
	5	4	7	3
	6	9	14	1
Bound        Nodes         Time
   40           52     0.00000
   42          623     0.00003
   44         4502     0.00028
   46        28501     0.00164
   48       172746     0.00963
   50      1020905     0.05706
   52      5896695     0.33340
   54     33593366     1.92874
   56     13073064     2.54295
TEST CASE: #55
	13	8	14	3
	9	1	0	7
	15	5	4	10
	12	2	6	11
Bound        Nodes         Time
   29            7     0.00000
   31          121     0.00002
   33          669     0.00006
   35         3656     0.00027
   37        18510     0.00119
   39        90210     0.00547
   41        86737     0.00964
TEST CASE: #56
	3	15	2	5
	11	6	4	7
	12	9	1	0
	13	14	10	8
Bound        Nodes         Time
   29            2     0.00000
   31           16     0.00000
   33           64     0.00001
   35          338     0.00004
   37         1350     0.00011
   39         6620     0.00049
   41        31684     0.00204
   43       154875     0.00939
   45       752332     0.04509
   47      3660079     0.21886
   49     17683390     1.06173
   51     85138026     5.12933
   53    408278972    24.65757
   55     30904113    26.13763
TEST CASE: #57
	5	11	6	9
	4	13	12	0
	8	2	15	10
	1	7	3	14
Bound        Nodes         Time
   36            2     0.00000
   38           76     0.00002
   40          533     0.00005
   42         3932     0.00025
   44        27421     0.00157
   46       181136     0.01007
   48      1147434     0.06436
   50      2562168     0.18579
TEST CASE: #58
	5	0	15	8
	4	6	1	14
	10	11	3	9
	7	12	2	13
Bound        Nodes         Time
   37            2     0.00000
   39           80     0.00002
   41          736     0.00006
   43         4766     0.00034
   45        32162     0.00194
   47       208651     0.01207
   49      1291356     0.07416
   51       859755     0.11523
TEST CASE: #59
	15	14	6	7
	10	1	0	11
	12	8	4	9
	2	5	13	3
Bound        Nodes         Time
   35           12     0.00002
   37           90     0.00002
   39          544     0.00005
   41         3200     0.00022
   43        18308     0.00113
   45       101143     0.00595
   47       554387     0.03194
   49      3005304     0.17374
   51     16083369     0.93337
   53     84947271     4.99497
   55    442729466    26.15558
   57     10257036    26.63791
TEST CASE: #60
	11	14	13	1
	2	3	12	4
	15	7	9	5
	10	6	8	0
Bound        Nodes         Time
   48            1     0.00000
   50            6     0.00000
   52          891     0.00006
   54        13726     0.00070
   56       161972     0.00795
   58      1607384     0.07946
   60     14321052     0.72572
   62    118113540     6.13063
   64    914042862    48.25599
   66   1171410635   102.47025
TEST CASE: #61
	6	13	3	2
	11	9	5	10
	1	7	12	14
	8	4	0	15
Bound        Nodes         Time
   31           28     0.00000
   33          174     0.00003
   35         1236     0.00009
   37         7590     0.00050
   39        42745     0.00259
   41       232236     0.01376
   43      1225448     0.07358
   45       500461     0.09784
TEST CASE: #62
	4	6	12	0
	14	2	9	13
	11	8	3	15
	7	10	1	5
Bound        Nodes         Time
   43            1     0.00000
   45           31     0.00000
   47          746     0.00004
   49         7896     0.00044
   51        76789     0.00405
   53       653130     0.03484
   55      5058039     0.27642
   57     28815755     1.62792
TEST CASE: #63
	8	10	9	11
	14	1	7	15
	13	4	0	12
	6	2	5	3
Bound        Nodes         Time
   40          266     0.00003
   42         2939     0.00022
   44        22758     0.00138
   46       149857     0.00874
   48       919638     0.05442
   50      5329800     0.31453
   52     29727812     1.77816
   54    161521043     9.71002
   56    264934989    22.71536
TEST CASE: #64
	5	2	14	0
	7	8	6	3
	11	12	13	15
	4	10	9	1
Bound        Nodes         Time
   31            2     0.00000
   33           11     0.00000
   35           98     0.00001
   37         1031     0.00006
   39         6121     0.00035
   41        35026     0.00201
   43       191557     0.01123
   45      1018446     0.06059
   47      5274213     0.31519
   49     26810551     1.59539
   51     38626506     3.47155
TEST CASE: #65
	7	8	3	2
	10	12	4	6
	11	13	5	15
	0	1	9	14
Bound        Nodes         Time
   31            1     0.00000
   33           60     0.00001
   35          434     0.00004
   37         3244     0.00022
   39        19862     0.00118
   41       112196     0.00643
   43       598055     0.03513
   45      3091883     0.18140
   47       613802     0.21015
TEST CASE: #66
	11	6	14	12
	3	5	1	15
	8	0	10	13
	9	7	4	2
Bound        Nodes         Time
   41            8     0.00000
   43           74     0.00001
   45          615     0.00005
   47         4481     0.00029
   49        33134     0.00183
   51       235342     0.01272
   53      1634521     0.08691
   55     11135410     0.59704
   57     73753546     4.01990
   59    474779923    26.17419
   61     81584240    30.05054
TEST CASE: #67
	7	1	2	4
	8	3	6	11
	10	15	0	5
	14	12	13	9
Bound        Nodes         Time
   28            9     0.00000
   30           51     0.00001
   32          247     0.00002
   34         1107     0.00008
   36         5109     0.00033
   38        23567     0.00150
   40       108320     0.00688
   42       494118     0.03157
   44      2255252     0.14445
   46     10298852     0.64945
   48     47045627     2.95894
   50      7519594     3.32379
TEST CASE: #68
	7	3	1	13
	12	10	5	2
	8	0	6	11
	14	15	4	9
Bound        Nodes         Time
   31           11     0.00000
   33           64     0.00001
   35          280     0.00004
   37         1390     0.00011
   39         6713     0.00050
   41        32962     0.00214
   43       166028     0.01020
   45       845409     0.05110
   47      4321494     0.26077
   49     22012130     1.32972
   51     11405686     1.89760
TEST CASE: #69
	6	0	5	15
	1	14	4	9
	2	13	8	10
	11	12	7	3
Bound        Nodes         Time
   37           34     0.00000
   39          267     0.00003
   41         2090     0.00016
   43        14182     0.00085
   45        90297     0.00509
   47       549724     0.03059
   49      3196345     0.18020
   51     17894922     1.02359
   53     64522297     4.08117
TEST CASE: #70
	15	1	3	12
	4	0	6	5
	2	8	14	9
	13	10	7	11
Bound        Nodes         Time
   30            1     0.00000
   32           17     0.00000
   34          110     0.00003
   36          504     0.00005
   38         2417     0.00021
   40        12118     0.00086
   42        61905     0.00388
   44       320920     0.01929
   46      1683235     0.09995
   48      8888718     0.53556
   50     46873257     2.79447
   52     14902586     3.51628
TEST CASE: #71
	5	7	0	11
	12	1	9	10
	15	6	2	3
	8	4	13	14
Bound        Nodes         Time
   30           37     0.00000
   32          294     0.00003
   34         1836     0.00013
   36        10475     0.00071
   38        55953     0.00348
   40       286066     0.01730
   42      1416526     0.08558
   44       842245     0.12618
TEST CASE: #72
	12	15	11	10
	4	5	14	0
	13	7	1	2
	9	8	3	6
Bound        Nodes         Time
   38            7     0.00000
   40          474     0.00004
   42         5949     0.00035
   44        53981     0.00278
   46       381083     0.02007
   48      2397190     0.12893
   50     13900340     0.76620
   52     76668432     4.33394
   54    407968958    23.40871
   56    359779326    40.29128
TEST CASE: #73
	6	14	10	5
	15	8	7	1
	3	4	2	0
	12	9	11	13
Bound        Nodes         Time
   37            1     0.00000
   39           17     0.00000
   41          268     0.00002
   43         3384     0.00021
   45        38390     0.00201
   47       351472     0.01866
   49      1251739     0.07831
TEST CASE: #74
	14	13	4	11
	15	8	6	9
	0	7	3	1
	2	10	12	5
Bound        Nodes         Time
   46           20     0.00000
   48          296     0.00002
   50         4847     0.00023
   52        51761     0.00263
   54       485454     0.02528
   56      3715182     0.19985
TEST CASE: #75
	14	4	0	10
	6	5	1	3
	9	2	13	15
	12	7	8	11
Bound        Nodes         Time
   30            4     0.00000
   32           47     0.00000
   34          470     0.00005
   36         3309     0.00022
   38        20423     0.00127
   40       114404     0.00686
   42       615294     0.03695
   44      3191862     0.19302
   46     16160991     0.98376
   48      3608776     1.16020
TEST CASE: #76
	15	10	8	3
	0	6	9	5
	1	14	13	11
	7	2	12	4
Bound        Nodes         Time
   41            4     0.00000
   43          175     0.00003
   45         2183     0.00017
   47        19165     0.00110
   49       138825     0.00753
   51       919660     0.05009
   53      5743842     0.31809
   55     34663051     1.96052
   57    175975890    10.31209
TEST CASE: #77
	0	13	2	4
	12	14	6	9
	15	1	10	3
	11	5	8	7
Bound        Nodes         Time
   34            1     0.00000
   36            3     0.00000
   38           32     0.00001
   40          161     0.00001
   42          802     0.00009
   44         4685     0.00031
   46        29260     0.00169
   48       176208     0.01005
   50      1068388     0.06080
   52      6430033     0.36760
   54     13070374     0.97579
TEST CASE: #78
	3	14	13	6
	4	15	8	9
	5	12	10	0
	2	7	1	11
Bound        Nodes         Time
   41            4     0.00000
   43          157     0.00002
   45         2305     0.00016
   47        21061     0.00114
   49       174844     0.00906
   51      1276921     0.06725
   53      4192513     0.26027
TEST CASE: #79
	0	1	9	7
	11	13	5	3
	14	12	4	2
	8	6	10	15
Bound        Nodes         Time
   28            1     0.00000
   30            4     0.00000
   32           78     0.00002
   34          516     0.00005
   36         2919     0.00023
   38        16110     0.00105
   40        85843     0.00520
   42       306810     0.02015
TEST CASE: #80
	11	0	15	8
	13	12	3	5
	10	1	4	6
	14	9	7	2
Bound        Nodes         Time
   43            2     0.00000
   45           55     0.00000
   47         1207     0.00008
   49        15084     0.00077
   51       151179     0.00761
   53      1323819     0.06825
   55     10456192     0.54662
   57     11697361     1.08412
TEST CASE: #81
	13	0	9	12
	11	6	3	5
	15	8	1	10
	4	14	2	7
Bound        Nodes         Time
   39           18     0.00000
   41          123     0.00002
   43          805     0.00007
   45         6319     0.00039
   47        44330     0.00246
   49       284157     0.01542
   51      1761360     0.09740
   53      7664707     0.46170
TEST CASE: #82
	14	10	2	1
	13	9	8	11
	7	3	6	12
	15	5	4	0
Bound        Nodes         Time
   40            3     0.00000
   42           51     0.00000
   44          466     0.00003
   46         3617     0.00020
   48        27386     0.00145
   50       184248     0.00999
   52      1177951     0.06498
   54      7213117     0.40039
   56     42801076     2.39823
   58    248070358    14.05244
   60   1412308458    80.68128
   62    572252864   107.41647
TEST CASE: #83
	12	3	9	1
	4	5	10	2
	6	11	15	0
	14	7	13	8
Bound        Nodes         Time
   31           26     0.00000
   33           96     0.00002
   35          496     0.00005
   37         2500     0.00022
   39        12065     0.00087
   41        60680     0.00394
   43       301660     0.01876
   45      1484958     0.09158
   47      7269363     0.44852
   49     21337875     1.50600
TEST CASE: #84
	15	8	10	7
	0	12	14	1
	5	9	6	3
	13	11	4	2
Bound        Nodes         Time
   37            7     0.00000
   39           50     0.00002
   41          331     0.00004
   43         2468     0.00015
   45        19265     0.00116
   47       144300     0.00780
   49      1029345     0.05542
   51      6894534     0.37416
   53     43606985     2.41836
   55     73927648     5.88620
TEST CASE: #85
	4	7	13	10
	1	2	9	6
	12	8	14	5
	3	0	11	15
Bound        Nodes         Time
   32            5     0.00000
   34          164     0.00003
   36         1102     0.00008
   38         8038     0.00051
   40        49237     0.00290
   42       282739     0.01652
   44       678493     0.04878
TEST CASE: #86
	6	0	5	10
	11	12	9	2
	1	7	4	3
	14	8	13	15
Bound        Nodes         Time
   35            6     0.00000
   37          753     0.00005
   39         8837     0.00053
   41        70105     0.00381
   43       460274     0.02556
   45       552375     0.05180
TEST CASE: #87
	9	5	11	10
	13	0	2	1
	8	6	14	12
	4	7	3	15
Bound        Nodes         Time
   34            7     0.00000
   36           63     0.00001
   38          418     0.00004
   40         2897     0.00020
   42        18091     0.00107
   44       108666     0.00620
   46       639419     0.03651
   48      3705803     0.21323
   50     21073724     1.23123
   52     23661077     2.36129
TEST CASE: #88
	15	2	12	11
	14	13	9	5
	1	3	8	7
	0	10	6	4
Bound        Nodes         Time
   43            1     0.00000
   45            5     0.00000
   47          118     0.00002
   49         1770     0.00011
   51        17831     0.00096
   53       159119     0.00813
   55      1261564     0.06517
   57      9191297     0.48088
   59     63179965     3.37651
   61    415483525    22.49377
   63  -1653031636   144.81082
   65    520394038   169.24380
TEST CASE: #89
	11	1	7	4
	10	13	3	8
	9	14	0	15
	6	5	2	12
Bound        Nodes         Time
   38           72     0.00000
   40          349     0.00004
   42         2319     0.00015
   44        14339     0.00092
   46        89999     0.00521
   48       556504     0.03206
   50      3281496     0.18706
   52     18802525     1.09344
   54     27194406     2.40312
TEST CASE: #90
	5	4	7	1
	11	12	14	15
	10	13	8	6
	2	0	9	3
Bound        Nodes         Time
   36           26     0.00000
   38          137     0.00003
   40         1039     0.00008
   42         7605     0.00046
   44        53831     0.00293
   46       357598     0.01924
   48      2250780     0.12430
   50      6501489     0.43040
TEST CASE: #91
	9	7	5	2
	14	15	12	10
	11	3	6	1
	8	13	0	4
Bound        Nodes         Time
   41            2     0.00000
   43          398     0.00002
   45         4466     0.00022
   47        38714     0.00198
   49       292859     0.01566
   51      2063016     0.11266
   53     13728495     0.75471
   55     87030072     4.81131
   57    110011104     9.95086
TEST CASE: #92
	3	2	7	9
	0	15	12	4
	6	11	5	14
	8	13	10	1
Bound        Nodes         Time
   37            3     0.00000
   39          139     0.00001
   41         1227     0.00007
   43         8780     0.00047
   45        58791     0.00315
   47       370285     0.02014
   49      2219991     0.12235
   51     12790475     0.71572
   53     71595147     4.06840
   55    391979483    22.57011
   57     21707745    23.58934
TEST CASE: #93
	13	9	14	6
	12	8	1	2
	3	4	0	7
	5	10	11	15
Bound        Nodes         Time
   34            4     0.00000
   36          211     0.00003
   38         1859     0.00015
   40        14897     0.00088
   42        99184     0.00556
   44       611364     0.03470
   46      1478341     0.10665
TEST CASE: #94
	5	7	11	8
	0	14	9	13
	10	12	3	15
	6	1	4	2
Bound        Nodes         Time
   45            2     0.00000
   47          296     0.00002
   49         5080     0.00025
   51        64499     0.00322
   53          122     0.00323
TEST CASE: #95
	4	3	6	13
	7	15	9	0
	10	5	8	11
	2	12	1	14
Bound        Nodes         Time
   34            2     0.00000
   36           27     0.00000
   38          205     0.00001
   40         1230     0.00007
   42         7849     0.00045
   44        46651     0.00264
   46       276156     0.01572
   48      1627634     0.09367
   50      2535578     0.21524
TEST CASE: #96
	1	7	15	14
	2	6	4	9
	12	11	13	3
	0	8	5	10
Bound        Nodes         Time
   35           10     0.00000
   37          160     0.00001
   39         1981     0.00011
   41        16300     0.00093
   43       112117     0.00640
   45       699655     0.04040
   47      4083128     0.23736
   49       885717     0.27904
TEST CASE: #97
	9	14	5	7
	8	15	1	2
	10	4	13	6
	12	0	11	3
Bound        Nodes         Time
   32            1     0.00000
   34           87     0.00001
   36         1199     0.00008
   38         9665     0.00058
   40        60612     0.00352
   42       348739     0.02014
   44      1339132     0.08455
TEST CASE: #98
	0	11	3	12
	5	2	1	9
	8	10	14	15
	7	4	13	6
Bound        Nodes         Time
   34            1     0.00000
   36           17     0.00000
   38          189     0.00003
   40         1477     0.00013
   42         8931     0.00061
   44        51403     0.00314
   46       288914     0.01715
   48      1593496     0.09408
   50      8640581     0.51219
   52     46260519     2.76650
   54    204399836    12.74820
TEST CASE: #99
	7	15	4	0
	10	9	2	5
	12	11	13	6
	1	3	14	8
Bound        Nodes         Time
   39            1     0.00000
   41           12     0.00000
   43          146     0.00003
   45         1115     0.00008
   47         7779     0.00047
   49        54133     0.00293
   51       368513     0.01952
   53      2439474     0.12994
   55     15752888     0.85008
   57     60730548     3.67061
TEST CASE: #100
	11	4	0	8
	6	10	5	13
	12	7	14	3
	1	2	9	15
Bound        Nodes         Time
   38            2     0.00000
   40           50     0.00001
   42          685     0.00004
   44         6448     0.00034
   46        50622     0.00269
   48       357084     0.01963
   50      2358317     0.13269
   52     14798483     0.83238
   54     14402640     1.50846
taziz@ug17:~/CMPUT_658/Assignment/version_5>vim main.cpp
taziz@ug17:~/CMPUT_658/Assignment/version_5>make
g++ -Wall -Wextra -O3 -std=c++17 main.cpp SAS.cpp stp_state.cpp -o stp
main.cpp: In function ‘int main()’:
main.cpp:23:5: error: ‘time_t’ is not a member of ‘std::chrono::_V2::steady_clock’
     chrono::steady_clock::time_t start, endt;
     ^
main.cpp:25:5: error: ‘start’ was not declared in this scope
     start = start = chrono::steady_clock::now();
     ^
main.cpp:48:5: error: ‘endt’ was not declared in this scope
     endt = chrono::steady_clock::now();
     ^
main.cpp:49:5: error: ‘elapsed’ was not declared in this scope
     elapsed seconds = endt - start;
     ^
SAS.cpp: In member function ‘int SAS::IDAstarDFS(int, int)’:
SAS.cpp:110:18: warning: unused variable ‘new_hcost’ [-Wunused-variable]
     int ret = 0, new_hcost;
                  ^
Makefile:2: recipe for target 'main' failed
make: *** [main] Error 1
taziz@ug17:~/CMPUT_658/Assignment/version_5>vim main.cpp
taziz@ug17:~/CMPUT_658/Assignment/version_5>make
g++ -Wall -Wextra -O3 -std=c++17 main.cpp SAS.cpp stp_state.cpp -o stp
main.cpp: In function ‘int main()’:
main.cpp:23:5: error: ‘time’ is not a member of ‘std::chrono::_V2::steady_clock’
     chrono::steady_clock::time start, endt;
     ^
main.cpp:25:5: error: ‘start’ was not declared in this scope
     start = chrono::steady_clock::now();
     ^
main.cpp:48:5: error: ‘endt’ was not declared in this scope
     endt = chrono::steady_clock::now();
     ^
SAS.cpp: In member function ‘int SAS::IDAstarDFS(int, int)’:
SAS.cpp:110:18: warning: unused variable ‘new_hcost’ [-Wunused-variable]
     int ret = 0, new_hcost;
                  ^
Makefile:2: recipe for target 'main' failed
make: *** [main] Error 1
taziz@ug17:~/CMPUT_658/Assignment/version_5>vim main.cpp
taziz@ug17:~/CMPUT_658/Assignment/version_5>make
g++ -Wall -Wextra -O3 -std=c++17 main.cpp SAS.cpp stp_state.cpp -o stp
main.cpp: In function ‘int main()’:
main.cpp:23:5: error: ‘c’ was not declared in this scope
     c hrono::steady_clock::time_point start, endt;
     ^
main.cpp:25:5: error: ‘start’ was not declared in this scope
     start = chrono::steady_clock::now();
     ^
main.cpp:48:5: error: ‘endt’ was not declared in this scope
     endt = chrono::steady_clock::now();
     ^
SAS.cpp: In member function ‘int SAS::IDAstarDFS(int, int)’:
SAS.cpp:110:18: warning: unused variable ‘new_hcost’ [-Wunused-variable]
     int ret = 0, new_hcost;
                  ^
Makefile:2: recipe for target 'main' failed
make: *** [main] Error 1
taziz@ug17:~/CMPUT_658/Assignment/version_5>vim main.cpp
taziz@ug17:~/CMPUT_658/Assignment/version_5>make
g++ -Wall -Wextra -O3 -std=c++17 main.cpp SAS.cpp stp_state.cpp -o stp
SAS.cpp: In member function ‘int SAS::IDAstarDFS(int, int)’:
SAS.cpp:110:18: warning: unused variable ‘new_hcost’ [-Wunused-variable]
     int ret = 0, new_hcost;
                  ^
taziz@ug17:~/CMPUT_658/Assignment/version_5>./stp
TEST CASE: #1
	14	13	15	7
	11	12	9	5
	6	0	2	1
	4	8	10	3
Bound        Nodes         Time
   41          111     0.00004
   43          773     0.00026
   45         5598     0.00149
   47        37370     0.00605
   49       231828     0.01613
   51      1409988     0.07751
   53      8435546     0.44692
   55     49597632     2.65260
   57    160760740     9.83832
TEST CASE: #2
	13	5	4	10
	9	12	8	14
	2	3	7	1
	0	15	11	6
Bound        Nodes         Time
   43            1     0.00000
   45          429     0.00004
   47         6485     0.00038
   49        70297     0.00349
   51       632572     0.03107
   53      4994961     0.25102
   55      7942202     0.59895
TEST CASE: #3
	14	7	8	2
	13	11	10	4
	9	12	5	0
	3	6	1	15
Bound        Nodes         Time
   41            1     0.00000
   43           57     0.00000
   45          672     0.00004
   47         6767     0.00033
   49        59660     0.00300
   51       475892     0.02443
   53      3500750     0.18325
   55     24158289     1.26607
   57    158615496     8.39825
   59     58089230    10.97501
TEST CASE: #4
	5	12	10	7
	15	11	14	0
	8	2	1	13
	3	4	9	6
Bound        Nodes         Time
   42            2     0.00000
   44          181     0.00003
   46         2965     0.00020
   48        34359     0.00173
   50       308622     0.01529
   52      2439871     0.12313
   54     17616804     0.90898
   56     84430315     4.70894
TEST CASE: #5
	4	7	14	13
	10	3	9	12
	11	5	6	15
	1	2	8	0
Bound        Nodes         Time
   42            4     0.00000
   44          140     0.00002
   46         1336     0.00008
   48        10735     0.00058
   50        83075     0.00416
   52       634993     0.03142
   54      4669286     0.23352
   56       241917     0.24421
TEST CASE: #6
	14	7	1	9
	12	3	6	15
	8	11	2	5
	10	0	4	13
Bound        Nodes         Time
   36            4     0.00000
   38           18     0.00000
   40          155     0.00003
   42         1077     0.00008
   44         8014     0.00048
   46        57020     0.00315
   48       381203     0.02068
   50      2439490     0.13300
   52      1786152     0.21760
TEST CASE: #7
	2	11	15	5
	13	4	6	7
	12	8	10	1
	9	3	14	0
Bound        Nodes         Time
   30            1     0.00000
   32           12     0.00000
   34           44     0.00001
   36          226     0.00003
   38         1080     0.00009
   40         5845     0.00043
   42        32714     0.00198
   44       185044     0.01042
   46      1056735     0.05873
   48      5986735     0.33130
   50     33230889     1.86281
   52    159572952     9.20999
TEST CASE: #8
	12	11	15	3
	8	0	4	2
	6	13	9	5
	14	1	10	7
Bound        Nodes         Time
   32            8     0.00000
   34           41     0.00000
   36          256     0.00003
   38         1550     0.00011
   40         8532     0.00057
   42        47402     0.00279
   44       256185     0.01476
   46      1371873     0.07795
   48      7256783     0.41331
   50     27415620     1.69901
TEST CASE: #9
	3	14	9	11
	5	4	8	2
	13	12	6	7
	10	1	15	0
Bound        Nodes         Time
   32            2     0.00000
   34           26     0.00000
   36          265     0.00003
   38         2244     0.00017
   40        15507     0.00092
   42        95254     0.00535
   44       542761     0.03064
   46       232504     0.04122
TEST CASE: #10
	13	11	8	9
	0	15	7	10
	4	3	6	14
	5	12	2	1
Bound        Nodes         Time
   43            5     0.00000
   45           62     0.00001
   47         1089     0.00007
   49        12807     0.00067
   51       126272     0.00632
   53      1144170     0.05836
   55      9230443     0.47449
   57     68392387     3.58496
   59     11401035     4.10634
TEST CASE: #11
	5	9	13	14
	6	3	7	12
	10	8	4	0
	15	2	11	1
Bound        Nodes         Time
   43           56     0.00000
   45          519     0.00004
   47         4063     0.00026
   49        30592     0.00168
   51       222861     0.01174
   53      1538572     0.08015
   55     10277834     0.54886
   57     16632025     1.30162
TEST CASE: #12
	14	1	9	6
	4	8	12	5
	7	2	3	0
	10	11	13	15
Bound        Nodes         Time
   35           22     0.00000
   37          146     0.00003
   39         1005     0.00008
   41         6768     0.00043
   43        44266     0.00254
   45       247263     0.01414
TEST CASE: #13
	3	6	5	2
	10	0	15	14
	1	4	13	12
	9	8	11	7
Bound        Nodes         Time
   36          409     0.00003
   38         5945     0.00036
   40        48704     0.00249
   42       315662     0.01635
   44      1825181     0.09750
   46      7181398     0.41891
TEST CASE: #14
	7	6	8	1
	11	5	14	10
	3	4	9	13
	15	2	0	12
Bound        Nodes         Time
   41            6     0.00000
   43           64     0.00001
   45         1134     0.00007
   47         9819     0.00056
   49        76456     0.00386
   51       531843     0.02684
   53      3453637     0.17781
   55     21395192     1.12771
   57    127812121     6.82952
   59     21017480     7.75662
TEST CASE: #15
	13	11	4	12
	1	8	9	15
	6	5	14	2
	7	3	10	0
Bound        Nodes         Time
   44            1     0.00000
   46           38     0.00000
   48          531     0.00004
   50         4337     0.00027
   52        34788     0.00182
   54       263760     0.01340
   56      1934780     0.09941
   58     13801359     0.71521
   60     95573376     4.94233
   62    266213334    16.69304
TEST CASE: #16
	1	3	2	5
	10	9	15	6
	8	14	13	11
	12	4	7	0
Bound        Nodes         Time
   24           15     0.00000
   26           82     0.00002
   28          323     0.00004
   30         1380     0.00011
   32         5759     0.00045
   34        23983     0.00163
   36       101114     0.00643
   38       429884     0.02673
   40      1827028     0.11298
   42      7375892     0.46116
TEST CASE: #17
	15	14	0	4
	11	1	6	13
	7	5	8	9
	3	2	10	12
Bound        Nodes         Time
   46           24     0.00000
   48          100     0.00001
   50          593     0.00004
   52         3153     0.00017
   54        18594     0.00096
   56       110568     0.00564
   58       675006     0.03429
   60      4209733     0.21489
   62     26795311     1.35038
   64    173300848     8.73689
   66    997360370    51.57003
TEST CASE: #18
	6	0	14	12
	1	15	9	10
	11	4	7	2
	8	3	5	13
Bound        Nodes         Time
   43            3     0.00000
   45          368     0.00003
   47         3821     0.00021
   49        36471     0.00181
   51       321379     0.01602
   53      2547227     0.12769
   55      7995283     0.47858
TEST CASE: #19
	7	11	8	3
	14	0	6	15
	1	4	13	9
	5	12	2	10
Bound        Nodes         Time
   36           96     0.00001
   38         1070     0.00007
   40         8662     0.00050
   42        57039     0.00317
   44       354134     0.01953
   46      1013349     0.06612
TEST CASE: #20
	6	12	11	3
	13	7	9	15
	2	14	8	10
	4	1	5	0
Bound        Nodes         Time
   36            1     0.00000
   38            4     0.00000
   40          209     0.00003
   42         2040     0.00015
   44        17161     0.00095
   46       120645     0.00637
   48       801957     0.04254
   50      5042632     0.27313
   52      5858701     0.54601
TEST CASE: #21
	12	8	14	6
	11	4	7	0
	5	1	10	15
	3	13	9	2
Bound        Nodes         Time
   34            5     0.00000
   36           36     0.00000
   38          182     0.00003
   40          953     0.00008
   42         5021     0.00034
   44        25667     0.00154
   46       136011     0.00778
   48       720463     0.04010
   50      3821198     0.21233
   52     20300928     1.14598
   54       773600     1.18118
TEST CASE: #22
	14	3	9	1
	15	8	4	5
	11	7	10	13
	0	2	12	6
Bound        Nodes         Time
   41            1     0.00000
   43           28     0.00000
   45          354     0.00004
   47         3450     0.00022
   49        27796     0.00153
   51       207481     0.01092
   53      1452506     0.07642
   55      9692004     0.51936
   57     62367792     3.37117
   59    101132538     8.00918
TEST CASE: #23
	10	9	3	11
	0	13	2	14
	5	6	4	7
	8	15	1	12
Bound        Nodes         Time
   33            4     0.00000
   35           32     0.00000
   37          474     0.00004
   39         3337     0.00023
   41        21191     0.00124
   43       125341     0.00691
   45       707926     0.03956
   47      3875534     0.21545
   49      2393125     0.32525
TEST CASE: #24
	7	3	14	13
	4	1	10	8
	5	12	9	11
	2	15	6	0
Bound        Nodes         Time
   34            1     0.00000
   36           20     0.00000
   38          122     0.00002
   40          664     0.00006
   42         3339     0.00025
   44        18145     0.00112
   46        97850     0.00559
   48       536444     0.03025
   50      2935118     0.16597
   52     16090387     0.90663
   54      7768211     1.26899
TEST CASE: #25
	11	4	2	7
	1	0	10	15
	6	9	14	8
	3	13	5	12
Bound        Nodes         Time
   32           19     0.00000
   34           74     0.00002
   36          401     0.00004
   38         1773     0.00012
   40         8827     0.00059
   42        45452     0.00266
   44       230243     0.01303
   46      1185597     0.06602
   48      6155652     0.34141
   50     31943890     1.77605
   52     27005189     2.99761
TEST CASE: #26
	5	7	3	12
	15	13	14	8
	0	10	9	6
	1	4	2	11
Bound        Nodes         Time
   40            5     0.00000
   42           65     0.00001
   44          581     0.00005
   46         4083     0.00026
   48        32102     0.00166
   50       252512     0.01249
   52      1864314     0.09187
   54     13078752     0.65648
   56     87717177     4.51858
   58     61594071     7.25183
TEST CASE: #27
	14	1	8	15
	2	6	0	3
	9	12	10	13
	4	7	5	11
Bound        Nodes         Time
   33            5     0.00000
   35           64     0.00001
   37          351     0.00004
   39         2088     0.00014
   41        11902     0.00077
   43        68792     0.00400
   45       393809     0.02266
   47      2205555     0.12470
   49     12089264     0.68487
   51     65104883     3.72515
   53      5760359     4.00030
TEST CASE: #28
	13	14	6	12
	4	5	1	0
	9	3	10	2
	15	11	8	7
Bound        Nodes         Time
   36            4     0.00000
   38           32     0.00000
   40          195     0.00002
   42         1167     0.00007
   44         8267     0.00043
   46        55981     0.00291
   48       365639     0.01945
   50      2294403     0.12326
   52      3916274     0.29820
TEST CASE: #29
	9	8	0	2
	15	1	4	14
	3	10	7	5
	11	13	6	12
Bound        Nodes         Time
   38            2     0.00000
   40          163     0.00002
   42         1423     0.00009
   44        10800     0.00064
   46        73509     0.00397
   48       466393     0.02477
   50      2857991     0.15354
   52     16937476     0.91930
   54     13468570     1.52471
TEST CASE: #30
	12	15	2	6
	1	14	4	8
	5	3	7	0
	10	13	9	11
Bound        Nodes         Time
   35           31     0.00000
   37          228     0.00002
   39         1630     0.00009
   41        11042     0.00061
   43        70654     0.00391
   45       421662     0.02364
   47       867715     0.06362
TEST CASE: #31
	12	8	15	13
	1	0	5	4
	6	3	2	11
	9	7	14	10
Bound        Nodes         Time
   38           46     0.00000
   40          259     0.00002
   42         1543     0.00009
   44         9317     0.00050
   46        58591     0.00314
   48       368800     0.01982
   50      1840289     0.10289
TEST CASE: #32
	14	10	9	4
	13	6	5	8
	2	12	7	0
	1	3	11	15
Bound        Nodes         Time
   43           13     0.00000
   45          187     0.00003
   47         2466     0.00018
   49        23159     0.00121
   51       190053     0.00939
   53      1415503     0.07128
   55      9871369     0.51292
   57     65513233     3.41263
   59    131722438     9.23292
TEST CASE: #33
	14	3	5	15
	11	6	13	9
	0	10	2	12
	4	1	7	8
Bound        Nodes         Time
   42            4     0.00000
   44           59     0.00002
   46          665     0.00005
   48         5074     0.00034
   50        36984     0.00198
   52       258581     0.01345
   54      1752062     0.09005
   56     11605210     0.60024
   58     75281574     3.94371
   60     89834836     7.91411
TEST CASE: #34
	6	11	7	8
	13	2	5	4
	1	10	3	9
	14	0	12	15
Bound        Nodes         Time
   36            3     0.00000
   38           17     0.00000
   40          270     0.00002
   42         2198     0.00012
   44        16844     0.00087
   46       119790     0.00633
   48       809269     0.04353
   50      5240742     0.28635
   52     13731167     0.90890
TEST CASE: #35
	1	6	12	14
	3	2	15	8
	4	5	13	9
	0	7	11	10
Bound        Nodes         Time
   39            1     0.00000
   41            3     0.00000
   43          541     0.00003
   45         5578     0.00032
   47        46035     0.00229
   49       337699     0.01728
   51      2245907     0.11762
   53     14132341     0.74401
   55      8239255     1.10505
TEST CASE: #36
	12	6	0	4
	7	3	15	1
	13	9	8	11
	2	14	5	10
Bound        Nodes         Time
   36           30     0.00000
   38          231     0.00003
   40         1444     0.00011
   42         8927     0.00057
   44        49839     0.00289
   46       275136     0.01553
   48      1500917     0.08384
   50      8080210     0.45817
   52     23583936     1.54572
TEST CASE: #37
	8	1	7	12
	11	0	10	5
	9	15	6	13
	14	2	3	4
Bound        Nodes         Time
   40            3     0.00000
   42          127     0.00002
   44          966     0.00007
   46         7948     0.00046
   48        61552     0.00313
   50       423258     0.02182
   52      2818328     0.14588
   54     18184237     0.95717
   56    114379265     6.13016
   58    119638128    11.55216
TEST CASE: #38
	7	15	8	2
	13	6	3	12
	11	0	4	10
	9	5	1	14
Bound        Nodes         Time
   41           44     0.00000
   43          533     0.00004
   45         4397     0.00028
   47        35157     0.00183
   49       260111     0.01331
   51      1842957     0.09353
   53      2236629     0.19193
TEST CASE: #39
	9	0	4	10
	1	14	15	3
	12	6	5	7
	11	13	8	2
Bound        Nodes         Time
   35          100     0.00001
   37          714     0.00005
   39         4480     0.00033
   41        26383     0.00157
   43       147608     0.00847
   45       811687     0.04580
   47      4330697     0.24619
   49       993564     0.29107
TEST CASE: #40
	11	5	1	14
	4	12	10	0
	2	7	13	3
	9	15	6	8
Bound        Nodes         Time
   36            4     0.00000
   38           38     0.00000
   40          400     0.00004
   42         2983     0.00018
   44        19435     0.00112
   46       122717     0.00680
   48       747187     0.04132
   50      4432051     0.24566
   52     25697287     1.43975
   54     53469686     3.93988
TEST CASE: #41
	8	13	10	9
	11	3	15	6
	0	1	2	14
	12	5	4	7
Bound        Nodes         Time
   36            3     0.00000
   38           21     0.00000
   40          193     0.00001
   42         1440     0.00008
   44        10339     0.00056
   46        72310     0.00389
   48       479089     0.02614
   50      3076082     0.16746
   52     19114691     1.04240
   54     46066208     3.17442
TEST CASE: #42
	4	5	7	2
	9	14	12	13
	0	3	6	11
	8	1	15	10
Bound        Nodes         Time
   30            4     0.00000
   32           70     0.00002
   34          371     0.00004
   36         2450     0.00017
   38        14398     0.00088
   40        80272     0.00459
   42        85150     0.00848
TEST CASE: #43
	11	15	14	13
	1	9	10	4
	3	6	2	12
	7	5	8	0
Bound        Nodes         Time
   48            2     0.00000
   50           36     0.00000
   52          278     0.00003
   54         2146     0.00015
   56        19921     0.00104
   58       201256     0.00939
   60      1966730     0.09131
   62     18394762     0.86541
   64     11020922     1.32746
TEST CASE: #44
	12	9	0	6
	8	3	5	14
	2	4	11	7
	10	1	15	13
Bound        Nodes         Time
   32            2     0.00000
   34          110     0.00001
   36          720     0.00004
   38         3878     0.00023
   40        20460     0.00120
   42       105980     0.00632
   44       533923     0.03206
   46      2645709     0.15959
   48     12976938     0.77777
   50     26700886     2.03828
TEST CASE: #45
	3	14	9	7
	12	15	0	4
	1	8	5	6
	11	10	2	13
Bound        Nodes         Time
   39           17     0.00000
   41          379     0.00004
   43         3241     0.00021
   45        25408     0.00136
   47       174017     0.00913
   49      1119910     0.05892
   51      6050914     0.33024
TEST CASE: #46
	8	4	6	1
	14	12	2	15
	13	10	9	5
	3	7	0	11
Bound        Nodes         Time
   35            9     0.00000
   37          141     0.00001
   39         1364     0.00007
   41        13538     0.00069
   43        99707     0.00525
   45       647847     0.03518
   47      3900036     0.21674
   49      1444413     0.28257
TEST CASE: #47
	6	10	1	14
	15	8	3	5
	13	0	2	7
	4	9	11	12
Bound        Nodes         Time
   35           38     0.00000
   37          289     0.00002
   39         1828     0.00011
   41        11272     0.00065
   43        67345     0.00389
   45       380770     0.02232
   47       704892     0.05592
TEST CASE: #48
	8	11	4	6
	7	3	10	9
	2	12	15	13
	0	1	5	14
Bound        Nodes         Time
   39            1     0.00000
   41          323     0.00002
   43         2994     0.00015
   45        26618     0.00137
   47       203079     0.01071
   49       709428     0.04344
TEST CASE: #49
	10	0	2	4
	5	1	6	12
	11	13	9	7
	15	3	14	8
Bound        Nodes         Time
   33            5     0.00000
   35           20     0.00000
   37           86     0.00001
   39          372     0.00003
   41         1650     0.00011
   43         7437     0.00046
   45        35414     0.00211
   47       173080     0.01019
   49       857438     0.04999
   51      4302928     0.24584
   53     21818992     1.23172
   55    111322131     6.29661
   57    571200541    32.36183
   59    981837421    77.31756
TEST CASE: #50
	12	5	13	11
	2	10	0	9
	7	8	4	3
	14	6	15	1
Bound        Nodes         Time
   39           45     0.00000
   41          398     0.00002
   43         2753     0.00015
   45        18454     0.00102
   47       117642     0.00655
   49       735050     0.04125
   51      4494740     0.25077
   53      1886781     0.33886
TEST CASE: #51
	10	2	8	4
	15	0	1	14
	11	13	3	6
	9	7	5	12
Bound        Nodes         Time
   44          240     0.00001
   46         2617     0.00013
   48        24884     0.00125
   50       206577     0.01059
   52      1559833     0.08125
   54     10942351     0.57126
   56      6719148     0.86927
TEST CASE: #52
	10	8	0	12
	3	7	6	2
	1	14	4	11
	15	13	9	5
Bound        Nodes         Time
   38            3     0.00000
   40           63     0.00001
   42          745     0.00006
   44         5844     0.00039
   46        43136     0.00239
   48       284038     0.01560
   50      1769213     0.09599
   52     10575073     0.57943
   54     61156067     3.40229
   56    279773262    16.32611
TEST CASE: #53
	14	9	12	13
	15	4	8	10
	0	2	1	7
	3	11	5	6
Bound        Nodes         Time
   50          146     0.00002
   52         1677     0.00009
   54        28728     0.00134
   56       321744     0.01516
   58      3026383     0.14658
   60     24955898     1.24091
   62    189284429     9.62400
   64     44009714    11.56398
TEST CASE: #54
	12	11	0	8
	10	2	13	15
	5	4	7	3
	6	9	14	1
Bound        Nodes         Time
   40           52     0.00000
   42          623     0.00005
   44         4502     0.00028
   46        28501     0.00160
   48       172746     0.00943
   50      1020905     0.05600
   52      5896695     0.32192
   54     33593366     1.84187
   56     13073064     2.44443
TEST CASE: #55
	13	8	14	3
	9	1	0	7
	15	5	4	10
	12	2	6	11
Bound        Nodes         Time
   29            7     0.00000
   31          121     0.00002
   33          669     0.00006
   35         3656     0.00026
   37        18510     0.00118
   39        90210     0.00531
   41        86737     0.00933
TEST CASE: #56
	3	15	2	5
	11	6	4	7
	12	9	1	0
	13	14	10	8
Bound        Nodes         Time
   29            2     0.00000
   31           16     0.00000
   33           64     0.00001
   35          338     0.00004
   37         1350     0.00010
   39         6620     0.00047
   41        31684     0.00197
   43       154875     0.00921
   45       752332     0.04348
   47      3660079     0.21035
   49     17683390     1.01871
   51     85138026     4.94260
   53    408278972    23.81574
   55     30904113    25.23550
TEST CASE: #57
	5	11	6	9
	4	13	12	0
	8	2	15	10
	1	7	3	14
Bound        Nodes         Time
   36            2     0.00000
   38           76     0.00002
   40          533     0.00005
   42         3932     0.00027
   44        27421     0.00155
   46       181136     0.00975
   48      1147434     0.06176
   50      2562168     0.17885
TEST CASE: #58
	5	0	15	8
	4	6	1	14
	10	11	3	9
	7	12	2	13
Bound        Nodes         Time
   37            2     0.00000
   39           80     0.00001
   41          736     0.00006
   43         4766     0.00035
   45        32162     0.00190
   47       208651     0.01157
   49      1291356     0.07102
   51       859755     0.11025
TEST CASE: #59
	15	14	6	7
	10	1	0	11
	12	8	4	9
	2	5	13	3
Bound        Nodes         Time
   35           12     0.00000
   37           90     0.00001
   39          544     0.00005
   41         3200     0.00024
   43        18308     0.00111
   45       101143     0.00569
   47       554387     0.03070
   49      3005304     0.16705
   51     16083369     0.91088
   53     84947271     4.80113
   55    442729466    25.21819
   57     10257036    25.68424
TEST CASE: #60
	11	14	13	1
	2	3	12	4
	15	7	9	5
	10	6	8	0
Bound        Nodes         Time
   48            1     0.00000
   50            6     0.00000
   52          891     0.00004
   54        13726     0.00065
   56       161972     0.00754
   58      1607384     0.07619
   60     14321052     0.69541
   62    118113540     5.86843
   64    914042862    46.17070
   66   1171410635    97.93123
TEST CASE: #61
	6	13	3	2
	11	9	5	10
	1	7	12	14
	8	4	0	15
Bound        Nodes         Time
   31           28     0.00000
   33          174     0.00001
   35         1236     0.00007
   37         7590     0.00043
   39        42745     0.00245
   41       232236     0.01339
   43      1225448     0.07111
   45       500461     0.09441
TEST CASE: #62
	4	6	12	0
	14	2	9	13
	11	8	3	15
	7	10	1	5
Bound        Nodes         Time
   43            1     0.00000
   45           31     0.00000
   47          746     0.00004
   49         7896     0.00039
   51        76789     0.00386
   53       653130     0.03362
   55      5058039     0.26448
   57     28815755     1.55801
TEST CASE: #63
	8	10	9	11
	14	1	7	15
	13	4	0	12
	6	2	5	3
Bound        Nodes         Time
   40          266     0.00003
   42         2939     0.00021
   44        22758     0.00132
   46       149857     0.00834
   48       919638     0.05131
   50      5329800     0.30049
   52     29727812     1.70930
   54    161521043     9.34078
   56    264934989    21.85385
TEST CASE: #64
	5	2	14	0
	7	8	6	3
	11	12	13	15
	4	10	9	1
Bound        Nodes         Time
   31            2     0.00000
   33           11     0.00000
   35           98     0.00002
   37         1031     0.00007
   39         6121     0.00041
   41        35026     0.00204
   43       191557     0.01067
   45      1018446     0.05687
   47      5274213     0.29686
   49     26810551     1.53875
   51     38626506     3.32763
TEST CASE: #65
	7	8	3	2
	10	12	4	6
	11	13	5	15
	0	1	9	14
Bound        Nodes         Time
   31            1     0.00000
   33           60     0.00001
   35          434     0.00003
   37         3244     0.00017
   39        19862     0.00106
   41       112196     0.00614
   43       598055     0.03359
   45      3091883     0.17500
   47       613802     0.20264
TEST CASE: #66
	11	6	14	12
	3	5	1	15
	8	0	10	13
	9	7	4	2
Bound        Nodes         Time
   41            8     0.00000
   43           74     0.00002
   45          615     0.00005
   47         4481     0.00030
   49        33134     0.00178
   51       235342     0.01216
   53      1634521     0.08351
   55     11135410     0.57277
   57     73753546     3.85029
   59    474779923    25.13283
   61     81584240    28.85145
TEST CASE: #67
	7	1	2	4
	8	3	6	11
	10	15	0	5
	14	12	13	9
Bound        Nodes         Time
   28            9     0.00000
   30           51     0.00001
   32          247     0.00002
   34         1107     0.00007
   36         5109     0.00035
   38        23567     0.00150
   40       108320     0.00661
   42       494118     0.02962
   44      2255252     0.13476
   46     10298852     0.61520
   48     47045627     2.82662
   50      7519594     3.17589
TEST CASE: #68
	7	3	1	13
	12	10	5	2
	8	0	6	11
	14	15	4	9
Bound        Nodes         Time
   31           11     0.00000
   33           64     0.00002
   35          280     0.00004
   37         1390     0.00010
   39         6713     0.00048
   41        32962     0.00209
   43       166028     0.00983
   45       845409     0.04903
   47      4321494     0.24960
   49     22012130     1.27471
   51     11405686     1.81549
TEST CASE: #69
	6	0	5	15
	1	14	4	9
	2	13	8	10
	11	12	7	3
Bound        Nodes         Time
   37           34     0.00000
   39          267     0.00003
   41         2090     0.00015
   43        14182     0.00082
   45        90297     0.00485
   47       549724     0.02938
   49      3196345     0.17268
   51     17894922     0.98077
   53     64522297     3.91891
TEST CASE: #70
	15	1	3	12
	4	0	6	5
	2	8	14	9
	13	10	7	11
Bound        Nodes         Time
   30            1     0.00000
   32           17     0.00000
   34          110     0.00003
   36          504     0.00005
   38         2417     0.00019
   40        12118     0.00077
   42        61905     0.00367
   44       320920     0.01846
   46      1683235     0.09583
   48      8888718     0.51021
   50     46873257     2.68043
   52     14902586     3.38223
TEST CASE: #71
	5	7	0	11
	12	1	9	10
	15	6	2	3
	8	4	13	14
Bound        Nodes         Time
   30           37     0.00000
   32          294     0.00003
   34         1836     0.00015
   36        10475     0.00068
   38        55953     0.00333
   40       286066     0.01665
   42      1416526     0.08257
   44       842245     0.12164
TEST CASE: #72
	12	15	11	10
	4	5	14	0
	13	7	1	2
	9	8	3	6
Bound        Nodes         Time
   38            7     0.00000
   40          474     0.00004
   42         5949     0.00036
   44        53981     0.00268
   46       381083     0.01913
   48      2397190     0.12297
   50     13900340     0.73167
   52     76668432     4.13798
   54    407968958    22.39915
   56    359779326    38.60232
TEST CASE: #73
	6	14	10	5
	15	8	7	1
	3	4	2	0
	12	9	11	13
Bound        Nodes         Time
   37            1     0.00000
   39           17     0.00000
   41          268     0.00003
   43         3384     0.00022
   45        38390     0.00194
   47       351472     0.01748
   49      1251739     0.07326
TEST CASE: #74
	14	13	4	11
	15	8	6	9
	0	7	3	1
	2	10	12	5
Bound        Nodes         Time
   46           20     0.00000
   48          296     0.00003
   50         4847     0.00028
   52        51761     0.00261
   54       485454     0.02408
   56      3715182     0.18955
TEST CASE: #75
	14	4	0	10
	6	5	1	3
	9	2	13	15
	12	7	8	11
Bound        Nodes         Time
   30            4     0.00000
   32           47     0.00000
   34          470     0.00004
   36         3309     0.00024
   38        20423     0.00125
   40       114404     0.00662
   42       615294     0.03548
   44      3191862     0.18527
   46     16160991     0.94907
   48      3608776     1.11940
TEST CASE: #76
	15	10	8	3
	0	6	9	5
	1	14	13	11
	7	2	12	4
Bound        Nodes         Time
   41            4     0.00000
   43          175     0.00003
   45         2183     0.00015
   47        19165     0.00102
   49       138825     0.00716
   51       919660     0.04825
   53      5743842     0.30849
   55     34663051     1.89138
   57    175975890     9.93788
TEST CASE: #77
	0	13	2	4
	12	14	6	9
	15	1	10	3
	11	5	8	7
Bound        Nodes         Time
   34            1     0.00000
   36            3     0.00000
   38           32     0.00001
   40          161     0.00001
   42          802     0.00005
   44         4685     0.00027
   46        29260     0.00162
   48       176208     0.00964
   50      1068388     0.05829
   52      6430033     0.35316
   54     13070374     0.93820
TEST CASE: #78
	3	14	13	6
	4	15	8	9
	5	12	10	0
	2	7	1	11
Bound        Nodes         Time
   41            4     0.00000
   43          157     0.00002
   45         2305     0.00017
   47        21061     0.00112
   49       174844     0.00872
   51      1276921     0.06449
   53      4192513     0.25044
TEST CASE: #79
	0	1	9	7
	11	13	5	3
	14	12	4	2
	8	6	10	15
Bound        Nodes         Time
   28            1     0.00000
   30            4     0.00000
   32           78     0.00002
   34          516     0.00005
   36         2919     0.00021
   38        16110     0.00098
   40        85843     0.00498
   42       306810     0.01910
TEST CASE: #80
	11	0	15	8
	13	12	3	5
	10	1	4	6
	14	9	7	2
Bound        Nodes         Time
   43            2     0.00000
   45           55     0.00000
   47         1207     0.00007
   49        15084     0.00077
   51       151179     0.00740
   53      1323819     0.06575
   55     10456192     0.52656
   57     11697361     1.04304
TEST CASE: #81
	13	0	9	12
	11	6	3	5
	15	8	1	10
	4	14	2	7
Bound        Nodes         Time
   39           18     0.00000
   41          123     0.00002
   43          805     0.00006
   45         6319     0.00041
   47        44330     0.00238
   49       284157     0.01490
   51      1761360     0.09328
   53      7664707     0.44346
TEST CASE: #82
	14	10	2	1
	13	9	8	11
	7	3	6	12
	15	5	4	0
Bound        Nodes         Time
   40            3     0.00000
   42           51     0.00000
   44          466     0.00003
   46         3617     0.00019
   48        27386     0.00139
   50       184248     0.00963
   52      1177951     0.06272
   54      7213117     0.38471
   56     42801076     2.30108
   58    248070358    13.49581
   60   1412308458    77.61993
   62    572252864   103.35452
TEST CASE: #83
	12	3	9	1
	4	5	10	2
	6	11	15	0
	14	7	13	8
Bound        Nodes         Time
   31           26     0.00000
   33           96     0.00002
   35          496     0.00005
   37         2500     0.00021
   39        12065     0.00084
   41        60680     0.00376
   43       301660     0.01812
   45      1484958     0.08918
   47      7269363     0.44068
   49     21337875     1.44572
TEST CASE: #84
	15	8	10	7
	0	12	14	1
	5	9	6	3
	13	11	4	2
Bound        Nodes         Time
   37            7     0.00000
   39           50     0.00002
   41          331     0.00004
   43         2468     0.00015
   45        19265     0.00106
   47       144300     0.00749
   49      1029345     0.05321
   51      6894534     0.36132
   53     43606985     2.33470
   55     73927648     5.69861
TEST CASE: #85
	4	7	13	10
	1	2	9	6
	12	8	14	5
	3	0	11	15
Bound        Nodes         Time
   32            5     0.00000
   34          164     0.00003
   36         1102     0.00008
   38         8038     0.00050
   40        49237     0.00276
   42       282739     0.01563
   44       678493     0.04658
TEST CASE: #86
	6	0	5	10
	11	12	9	2
	1	7	4	3
	14	8	13	15
Bound        Nodes         Time
   35            6     0.00000
   37          753     0.00005
   39         8837     0.00051
   41        70105     0.00367
   43       460274     0.02446
   45       552375     0.04975
TEST CASE: #87
	9	5	11	10
	13	0	2	1
	8	6	14	12
	4	7	3	15
Bound        Nodes         Time
   34            7     0.00000
   36           63     0.00001
   38          418     0.00004
   40         2897     0.00019
   42        18091     0.00103
   44       108666     0.00600
   46       639419     0.03540
   48      3705803     0.20935
   50     21073724     1.18286
   52     23661077     2.27033
TEST CASE: #88
	15	2	12	11
	14	13	9	5
	1	3	8	7
	0	10	6	4
Bound        Nodes         Time
   43            1     0.00000
   45            5     0.00000
   47          118     0.00002
   49         1770     0.00011
   51        17831     0.00092
   53       159119     0.00776
   55      1261564     0.06216
   57      9191297     0.46999
   59     63179965     3.25298
   61    415483525    21.61829
   63  -1653031636   138.98412
   65    520394038   162.36772
TEST CASE: #89
	11	1	7	4
	10	13	3	8
	9	14	0	15
	6	5	2	12
Bound        Nodes         Time
   38           72     0.00000
   40          349     0.00004
   42         2319     0.00015
   44        14339     0.00084
   46        89999     0.00504
   48       556504     0.03061
   50      3281496     0.17971
   52     18802525     1.03765
   54     27194406     2.30598
TEST CASE: #90
	5	4	7	1
	11	12	14	15
	10	13	8	6
	2	0	9	3
Bound        Nodes         Time
   36           26     0.00000
   38          137     0.00001
   40         1039     0.00006
   42         7605     0.00039
   44        53831     0.00278
   46       357598     0.01889
   48      2250780     0.12070
   50      6501489     0.41043
TEST CASE: #91
	9	7	5	2
	14	15	12	10
	11	3	6	1
	8	13	0	4
Bound        Nodes         Time
   41            2     0.00000
   43          398     0.00003
   45         4466     0.00027
   47        38714     0.00196
   49       292859     0.01475
   51      2063016     0.10519
   53     13728495     0.71152
   55     87030072     4.61156
   57    110011104     9.55728
TEST CASE: #92
	3	2	7	9
	0	15	12	4
	6	11	5	14
	8	13	10	1
Bound        Nodes         Time
   37            3     0.00000
   39          139     0.00002
   41         1227     0.00008
   43         8780     0.00050
   45        58791     0.00310
   47       370285     0.01943
   49      2219991     0.11760
   51     12790475     0.68589
   53     71595147     3.90573
   55    391979483    21.65607
   57     21707745    22.63665
TEST CASE: #93
	13	9	14	6
	12	8	1	2
	3	4	0	7
	5	10	11	15
Bound        Nodes         Time
   34            4     0.00000
   36          211     0.00003
   38         1859     0.00011
   40        14897     0.00082
   42        99184     0.00533
   44       611364     0.03313
   46      1478341     0.10130
TEST CASE: #94
	5	7	11	8
	0	14	9	13
	10	12	3	15
	6	1	4	2
Bound        Nodes         Time
   45            2     0.00000
   47          296     0.00002
   49         5080     0.00027
   51        64499     0.00313
   53          122     0.00313
TEST CASE: #95
	4	3	6	13
	7	15	9	0
	10	5	8	11
	2	12	1	14
Bound        Nodes         Time
   34            2     0.00000
   36           27     0.00000
   38          205     0.00001
   40         1230     0.00010
   42         7849     0.00045
   44        46651     0.00255
   46       276156     0.01499
   48      1627634     0.08867
   50      2535578     0.20359
TEST CASE: #96
	1	7	15	14
	2	6	4	9
	12	11	13	3
	0	8	5	10
Bound        Nodes         Time
   35           10     0.00000
   37          160     0.00003
   39         1981     0.00015
   41        16300     0.00092
   43       112117     0.00608
   45       699655     0.03777
   47      4083128     0.22352
   49       885717     0.26385
TEST CASE: #97
	9	14	5	7
	8	15	1	2
	10	4	13	6
	12	0	11	3
Bound        Nodes         Time
   32            1     0.00000
   34           87     0.00001
   36         1199     0.00007
   38         9665     0.00052
   40        60612     0.00335
   42       348739     0.01974
   44      1339132     0.08309
TEST CASE: #98
	0	11	3	12
	5	2	1	9
	8	10	14	15
	7	4	13	6
Bound        Nodes         Time
   34            1     0.00000
   36           17     0.00000
   38          189     0.00001
   40         1477     0.00009
   42         8931     0.00051
   44        51403     0.00294
   46       288914     0.01655
   48      1593496     0.09080
   50      8640581     0.50175
   52     46260519     2.67061
   54    204399836    12.26122
TEST CASE: #99
	7	15	4	0
	10	9	2	5
	12	11	13	6
	1	3	14	8
Bound        Nodes         Time
   39            1     0.00000
   41           12     0.00000
   43          146     0.00001
   45         1115     0.00006
   47         7779     0.00044
   49        54133     0.00283
   51       368513     0.01915
   53      2439474     0.12814
   55     15752888     0.82980
   57     60730548     3.54941
TEST CASE: #100
	11	4	0	8
	6	10	5	13
	12	7	14	3
	1	2	9	15
Bound        Nodes         Time
   38            2     0.00000
   40           50     0.00002
   42          685     0.00006
   44         6448     0.00041
   46        50622     0.00270
   48       357084     0.01869
   50      2358317     0.12498
   52     14798483     0.79679
   54     14402640     1.45584
TOTAL TIME: 898.90775
