Time to Initialize PDB1: 1.27925 Size of PDB1: 518918400
DD       Q-size     Time-D    Time-T
 0            0   0.000053    1.27931
 1            1   0.000018    1.27933
 2            3   0.000003    1.27933
 3            9   0.000006    1.27934
 4           22   0.000009    1.27934
 5           45   0.000014    1.27936
 6           77   0.000024    1.27938
 7          137   0.000039    1.27942
 8          263   0.000097    1.27952
 9          505   0.000154    1.27967
10          931   0.000258    1.27993
11         1665   0.000415    1.28035
12         2954   0.000740    1.28109
13         5272   0.001327    1.28242
14         9307   0.002334    1.28475
15        16277   0.004073    1.28882
16        28243   0.007059    1.29588
17        48530   0.012185    1.30807
18        81917   0.020886    1.32896
19       135789   0.036755    1.36571
20       221619   0.062458    1.42818
21       356135   0.103253    1.53143
22       562312   0.170249    1.70168
23       870339   0.270355    1.97204
24      1321172   0.434247    2.40629
25      1963430   0.688659    3.09495
26      2854898   0.988374    4.08333
27      4053552   1.495062    5.57840
28      5623461   2.140123    7.71852
29      7613988   2.950649   10.66918
30     10060633   4.035972   14.70515
31     12959967   5.374258   20.07941
32     16273865   6.934609   27.01403
33     19912839   8.755197   35.76923
34     23720238  10.744354   46.51359
35     27495823  12.849199   59.36279
36     30976687  14.938904   74.30170
37     33932155  16.944931   91.24663
38     36072056  18.526662  109.77330
39     37208243  19.754231  129.52753
40     37177899  20.410189  149.93773
41     35970363  20.449276  170.38701
42     33631454  19.933426  190.32044
43     30337484  19.012850  209.33329
44     26364814  16.742067  226.07536
45     22027178  14.526004  240.60137
46     17672484  12.071660  252.67303
47     13569540   9.659976  262.33301
48      9952589   7.382358  269.71537
49      6935397   5.397945  275.11332
50      4589930   3.704412  278.81773
51      2865007   2.421978  281.23971
52      1684051   1.499631  282.73935
53       923194   0.840521  283.57987
54       471239   0.459094  284.03897
55       219646   0.238637  284.27761
56        92750   0.096507  284.37412
57        34010   0.037781  284.41190
58        10773   0.012908  284.42481
59         2601   0.003891  284.42870
60          526   0.000943  284.42964
61           48   0.000227  284.42987
62            1   0.000017  284.42989
Time to Initialize PDB2: 9.92578 Size of PDB2: 4151347200
DD       Q-size     Time-D    Time-T
 0            0   0.000019    9.92580
 1            1   0.000002    9.92580
 2            2   0.000003    9.92580
 3            4   0.000004    9.92581
 4            8   0.000006    9.92581
 5           20   0.000009    9.92582
 6           42   0.000017    9.92584
 7           77   0.000030    9.92587
 8          154   0.000054    9.92593
 9          309   0.000106    9.92603
10          601   0.000204    9.92624
11         1136   0.000389    9.92663
12         2127   0.000715    9.92734
13         3943   0.001319    9.92866
14         7332   0.002390    9.93105
15        13439   0.004370    9.93542
16        24508   0.007826    9.94325
17        43984   0.014496    9.95775
18        78253   0.027203    9.98495
19       137334   0.050179   10.03513
20       239185   0.087766   10.12290
21       409819   0.152800   10.27571
22       693077   0.260225   10.53594
23      1149949   0.448401   10.98434
24      1881108   0.753726   11.73807
25      3018038   1.204268   12.94234
26      4762534   1.936734   14.87908
27      7362734   3.041656   17.92074
28     11171454   4.710071   22.63081
29     16567893   7.169963   29.80078
30     24059367  10.570591   40.37137
31     34120543  15.405439   55.77681
32     47286299  21.792358   77.56918
33     63927675  30.241181  107.81036
34     84325709  40.806126  148.61649
35    108411822  53.914562  202.53106
36    135808149  69.214420  271.74548
37    165684364  86.904301  358.64979
38    196668739 106.022798  464.67259
39    227097876 126.162579  590.83517
40    254810546 145.510250  736.34543
41    277742840 164.648396  900.99383
42    293690965 178.677786 1079.67162
43    301103797 189.746531 1269.41816
44    298859644 194.515393 1463.93356
45    286818014 194.200173 1658.13373
46    265786620 187.097759 1845.23150
47    237347666 173.850618 2019.08212
48    203988247 155.393245 2174.47537
49    168218432 134.576632 2309.05201
50    132914588 111.041555 2420.09356
51    100267481  88.277196 2508.37077
52     72074249  66.717612 2575.08838
53     49202910  48.273919 2623.36231
54     31786686  33.003054 2656.36536
55     19403236  21.390012 2677.75538
56     11109075  13.054226 2690.80961
57      5978741   7.520692 2698.33031
58      2978287   4.014111 2702.34442
59      1387716   1.998717 2704.34314
60       583778   0.931039 2705.27418
61       227183   0.374175 2705.64836
62        76358   0.139752 2705.78812
63        23471   0.044500 2705.83262
64         5707   0.011968 2705.84459
65         1104   0.002522 2705.84711
66          165   0.000499 2705.84761
67           15   0.000080 2705.84769
68            2   0.000008 2705.84770
TEST CASE: #1
	14	13	15	7
	11	12	9	5
	6	0	2	1
	4	8	10	3
Bound        Nodes         Time
   45            1     0.00002
   47           36     0.00006
   49          157     0.00018
   51         1244     0.00080
   53         8343     0.00440
   55        57935     0.02649
   57       288562     0.13276
TEST CASE: #2
	13	5	4	10
	9	12	8	14
	2	3	7	1
	0	15	11	6
Bound        Nodes         Time
   45            7     0.00001
   47          106     0.00009
   49          872     0.00056
   51         6913     0.00360
   53        48645     0.02276
   55        60483     0.04644
TEST CASE: #3
	14	7	8	2
	13	11	10	4
	9	12	5	0
	3	6	1	15
Bound        Nodes         Time
   47           49     0.00005
   49          390     0.00034
   51         2863     0.00178
   53        20978     0.01101
   55       142854     0.06915
   57       963440     0.45833
   59       276058     0.57146
TEST CASE: #4
	5	12	10	7
	15	11	14	0
	8	2	1	13
	3	4	9	6
Bound        Nodes         Time
   46           12     0.00003
   48           70     0.00008
   50          469     0.00042
   52         3786     0.00244
   54        29876     0.01563
   56       176006     0.08900
TEST CASE: #5
	4	7	14	13
	10	3	9	12
	11	5	6	15
	1	2	8	0
Bound        Nodes         Time
   48          105     0.00009
   50          956     0.00058
   52         8338     0.00409
   54        68475     0.03025
   56         7232     0.03307
TEST CASE: #6
	14	7	1	9
	12	3	6	15
	8	11	2	5
	10	0	4	13
Bound        Nodes         Time
   42           15     0.00003
   44          134     0.00014
   46          851     0.00059
   48         5651     0.00308
   50        35545     0.01714
   52         9953     0.02128
TEST CASE: #7
	2	11	15	5
	13	4	6	7
	12	8	10	1
	9	3	14	0
Bound        Nodes         Time
   38            7     0.00002
   40           22     0.00004
   42          186     0.00015
   44         1066     0.00073
   46         6532     0.00348
   48        39807     0.01876
   50       240141     0.10702
   52      1274538     0.60074
TEST CASE: #8
	12	11	15	3
	8	0	4	2
	6	13	9	5
	14	1	10	7
Bound        Nodes         Time
   44           72     0.00004
   46          548     0.00032
   48         4336     0.00221
   50        12686     0.00748
TEST CASE: #9
	3	14	9	11
	5	4	8	2
	13	12	6	7
	10	1	15	0
Bound        Nodes         Time
   40           31     0.00003
   42          148     0.00011
   44          817     0.00053
   46          710     0.00090
TEST CASE: #10
	13	11	8	9
	0	15	7	10
	4	3	6	14
	5	12	2	1
Bound        Nodes         Time
   49           17     0.00002
   51          157     0.00011
   53         1100     0.00065
   55         9590     0.00484
   57        82941     0.03794
   59        11582     0.04264
TEST CASE: #11
	5	9	13	14
	6	3	7	12
	10	8	4	0
	15	2	11	1
Bound        Nodes         Time
   47           37     0.00002
   49          460     0.00027
   51         3844     0.00205
   53        27927     0.01361
   55       194003     0.08947
   57       199484     0.16730
TEST CASE: #12
	14	1	9	6
	4	8	12	5
	7	2	3	0
	10	11	13	15
Bound        Nodes         Time
   39           45     0.00005
   41          375     0.00032
   43         2199     0.00140
   45        11471     0.00619
TEST CASE: #13
	3	6	5	2
	10	0	15	14
	1	4	13	12
	9	8	11	7
Bound        Nodes         Time
   36           27     0.00004
   38          158     0.00012
   40         1005     0.00061
   42         5931     0.00297
   44        30616     0.01400
   46       114823     0.05395
TEST CASE: #14
	7	6	8	1
	11	5	14	10
	3	4	9	13
	15	2	0	12
Bound        Nodes         Time
   45           37     0.00004
   47          227     0.00021
   49         1487     0.00099
   51         9344     0.00506
   53        56928     0.02920
   55       337572     0.16332
   57      1966903     0.91813
   59       531712     1.14331
TEST CASE: #15
	13	11	4	12
	1	8	9	15
	6	5	14	2
	7	3	10	0
Bound        Nodes         Time
   52           22     0.00002
   54          186     0.00014
   56         1746     0.00114
   58        16958     0.00949
   60       147614     0.07376
   62       473353     0.27593
TEST CASE: #16
	1	3	2	5
	10	9	15	6
	8	14	13	11
	12	4	7	0
Bound        Nodes         Time
   36           54     0.00005
   38          566     0.00038
   40         4168     0.00214
   42        25211     0.01154
TEST CASE: #17
	15	14	0	4
	11	1	6	13
	7	5	8	9
	3	2	10	12
Bound        Nodes         Time
   54          123     0.00009
   56         1573     0.00084
   58        13913     0.00614
   60       107378     0.04385
   62       799071     0.32865
   64      5769035     2.38420
   66     36043088    15.27134
TEST CASE: #18
	6	0	14	12
	1	15	9	10
	11	4	7	2
	8	3	5	13
Bound        Nodes         Time
   51          168     0.00016
   53         2285     0.00134
   55        12238     0.00665
TEST CASE: #19
	7	11	8	3
	14	0	6	15
	1	4	13	9
	5	12	2	10
Bound        Nodes         Time
   40           46     0.00004
   42          281     0.00020
   44         1977     0.00108
   46         7930     0.00439
TEST CASE: #20
	6	12	11	3
	13	7	9	15
	2	14	8	10
	4	1	5	0
Bound        Nodes         Time
   46           62     0.00006
   48          667     0.00048
   50         7029     0.00382
   52        14868     0.01010
TEST CASE: #21
	12	8	14	6
	11	4	7	0
	5	1	10	15
	3	13	9	2
Bound        Nodes         Time
   44            7     0.00002
   46           47     0.00005
   48          532     0.00037
   50         5253     0.00299
   52        41110     0.02025
   54         3796     0.02180
TEST CASE: #22
	14	3	9	1
	15	8	4	5
	11	7	10	13
	0	2	12	6
Bound        Nodes         Time
   45           19     0.00003
   47          140     0.00014
   49          772     0.00055
   51         4299     0.00242
   53        25969     0.01288
   55       157242     0.07240
   57       944920     0.43134
   59      1679772     1.04229
TEST CASE: #23
	10	9	3	11
	0	13	2	14
	5	6	4	7
	8	15	1	12
Bound        Nodes         Time
   43           19     0.00003
   45          342     0.00028
   47         2690     0.00158
   49         1949     0.00245
TEST CASE: #24
	7	3	14	13
	4	1	10	8
	5	12	9	11
	2	15	6	0
Bound        Nodes         Time
   44            6     0.00001
   46          111     0.00009
   48         1187     0.00075
   50         9925     0.00519
   52        73411     0.03446
   54        59685     0.05832
TEST CASE: #25
	11	4	2	7
	1	0	10	15
	6	9	14	8
	3	13	5	12
Bound        Nodes         Time
   40           18     0.00002
   42          156     0.00010
   44          871     0.00057
   46         5479     0.00305
   48        32198     0.01671
   50       185504     0.09774
   52       176014     0.17359
TEST CASE: #26
	5	7	3	12
	15	13	14	8
	0	10	9	6
	1	4	2	11
Bound        Nodes         Time
   48           73     0.00006
   50          865     0.00055
   52         7857     0.00433
   54        66748     0.03406
   56       511511     0.24801
   58       228316     0.33721
TEST CASE: #27
	14	1	8	15
	2	6	0	3
	9	12	10	13
	4	7	5	11
Bound        Nodes         Time
   47           95     0.00007
   49         1071     0.00069
   51         9672     0.00488
   53         1992     0.00579
TEST CASE: #28
	13	14	6	12
	4	5	1	0
	9	3	10	2
	15	11	8	7
Bound        Nodes         Time
   44           13     0.00003
   46          100     0.00009
   48          706     0.00046
   50         5381     0.00282
   52         2961     0.00417
TEST CASE: #29
	9	8	0	2
	15	1	4	14
	3	10	7	5
	11	13	6	12
Bound        Nodes         Time
   46           64     0.00006
   48          830     0.00050
   50         8820     0.00417
   52        67105     0.02876
   54        96256     0.06345
TEST CASE: #30
	12	15	2	6
	1	14	4	8
	5	3	7	0
	10	13	9	11
Bound        Nodes         Time
   41           49     0.00005
   43          525     0.00038
   45         3142     0.00175
   47         6362     0.00433
TEST CASE: #31
	12	8	15	13
	1	0	5	4
	6	3	2	11
	9	7	14	10
Bound        Nodes         Time
   44           32     0.00004
   46          180     0.00014
   48         1505     0.00083
   50         7656     0.00409
TEST CASE: #32
	14	10	9	4
	13	6	5	8
	2	12	7	0
	1	3	11	15
Bound        Nodes         Time
   47           18     0.00003
   49          145     0.00013
   51         1119     0.00073
   53         8692     0.00473
   55        65354     0.03251
   57       476919     0.22881
   59      1474490     0.82004
TEST CASE: #33
	14	3	5	15
	11	6	13	9
	0	10	2	12
	4	1	7	8
Bound        Nodes         Time
   50           22     0.00003
   52          101     0.00009
   54         1200     0.00076
   56        12284     0.00612
   58       104859     0.04718
   60       196755     0.12168
TEST CASE: #34
	6	11	7	8
	13	2	5	4
	1	10	3	9
	14	0	12	15
Bound        Nodes         Time
   40            6     0.00002
   42           63     0.00007
   44          684     0.00053
   46         4895     0.00302
   48        32616     0.01734
   50       203460     0.10179
   52       380577     0.26136
TEST CASE: #35
	1	6	12	14
	3	2	15	8
	4	5	13	9
	0	7	11	10
Bound        Nodes         Time
   49           26     0.00004
   51          375     0.00027
   53         3927     0.00195
   55         5166     0.00417
TEST CASE: #36
	12	6	0	4
	7	3	15	1
	13	9	8	11
	2	14	5	10
Bound        Nodes         Time
   40           13     0.00002
   42           57     0.00006
   44          391     0.00034
   46         2412     0.00148
   48        14299     0.00730
   50        85453     0.03945
   52       281895     0.14262
TEST CASE: #37
	8	1	7	12
	11	0	10	5
	9	15	6	13
	14	2	3	4
Bound        Nodes         Time
   46            5     0.00002
   48          144     0.00013
   50         1423     0.00087
   52        13224     0.00639
   54       104741     0.04596
   56       763574     0.33299
   58       436169     0.51209
TEST CASE: #38
	7	15	8	2
	13	6	3	12
	11	0	4	10
	9	5	1	14
Bound        Nodes         Time
   43           18     0.00002
   45          135     0.00009
   47         1139     0.00064
   49         8663     0.00436
   51        56717     0.02690
   53        87160     0.06126
TEST CASE: #39
	9	0	4	10
	1	14	15	3
	12	6	5	7
	11	13	8	2
Bound        Nodes         Time
   41           10     0.00001
   43           68     0.00005
   45          641     0.00039
   47         4391     0.00227
   49         1189     0.00277
TEST CASE: #40
	11	5	1	14
	4	12	10	0
	2	7	13	3
	9	15	6	8
Bound        Nodes         Time
   44           17     0.00001
   46          165     0.00012
   48         1159     0.00068
   50         8853     0.00449
   52        65127     0.03088
   54       151938     0.09242
TEST CASE: #41
	8	13	10	9
	11	3	15	6
	0	1	2	14
	12	5	4	7
Bound        Nodes         Time
   48            9     0.00001
   50          124     0.00009
   52         1917     0.00113
   54         4570     0.00334
TEST CASE: #42
	4	5	7	2
	9	14	12	13
	0	3	6	11
	8	1	15	10
Bound        Nodes         Time
   30            1     0.00000
   32            4     0.00001
   34           25     0.00002
   36          123     0.00009
   38          581     0.00037
   40         2614     0.00146
   42         3212     0.00277
TEST CASE: #43
	11	15	14	13
	1	9	10	4
	3	6	2	12
	7	5	8	0
Bound        Nodes         Time
   52            5     0.00000
   54           60     0.00005
   56          539     0.00036
   58         4927     0.00264
   60        40504     0.01917
   62       327694     0.14491
   64       164103     0.20861
TEST CASE: #44
	12	9	0	6
	8	3	5	14
	2	4	11	7
	10	1	15	13
Bound        Nodes         Time
   40           34     0.00004
   42          202     0.00016
   44         1128     0.00078
   46         6895     0.00380
   48        39770     0.01931
   50       101882     0.05716
TEST CASE: #45
	3	14	9	7
	12	15	0	4
	1	8	5	6
	11	10	2	13
Bound        Nodes         Time
   41           27     0.00004
   43          166     0.00013
   45         1106     0.00073
   47         6606     0.00354
   49        38262     0.01854
   51       185189     0.08750
TEST CASE: #46
	8	4	6	1
	14	12	2	15
	13	10	9	5
	3	7	0	11
Bound        Nodes         Time
   39           21     0.00003
   41          132     0.00012
   43          947     0.00061
   45         6309     0.00324
   47        38864     0.01788
   49        23850     0.02676
TEST CASE: #47
	6	10	1	14
	15	8	3	5
	13	0	2	7
	4	9	11	12
Bound        Nodes         Time
   43           29     0.00004
   45          357     0.00029
   47          861     0.00075
TEST CASE: #48
	8	11	4	6
	7	3	10	9
	2	12	15	13
	0	1	5	14
Bound        Nodes         Time
   43           20     0.00001
   45          156     0.00011
   47         1309     0.00075
   49         5484     0.00317
TEST CASE: #49
	10	0	2	4
	5	1	6	12
	11	13	9	7
	15	3	14	8
Bound        Nodes         Time
   45           29     0.00003
   47          203     0.00014
   49         1296     0.00083
   51        10606     0.00553
   53        80102     0.03730
   55       539317     0.24746
   57      3429976     1.57514
   59      5197538     3.57914
TEST CASE: #50
	12	5	13	11
	2	10	0	9
	7	8	4	3
	14	6	15	1
Bound        Nodes         Time
   45           14     0.00003
   47          131     0.00013
   49         1106     0.00080
   51         8969     0.00513
   53         6661     0.00816
TEST CASE: #51
	10	2	8	4
	15	0	1	14
	11	13	3	6
	9	7	5	12
Bound        Nodes         Time
   44            3     0.00000
   46           84     0.00007
   48          771     0.00044
   50         5808     0.00274
   52        40947     0.01733
   54       266652     0.10924
   56       196832     0.17830
TEST CASE: #52
	10	8	0	12
	3	7	6	2
	1	14	4	11
	15	13	9	5
Bound        Nodes         Time
   46           20     0.00003
   48          313     0.00025
   50         2689     0.00159
   52        23120     0.01138
   54       173630     0.07852
   56       960156     0.48407
TEST CASE: #53
	14	9	12	13
	15	4	8	10
	0	2	1	7
	3	11	5	6
Bound        Nodes         Time
   54           14     0.00001
   56          257     0.00017
   58         2747     0.00161
   60        27106     0.01352
   62       249200     0.11460
   64        10214     0.11962
TEST CASE: #54
	12	11	0	8
	10	2	13	15
	5	4	7	3
	6	9	14	1
Bound        Nodes         Time
   48           15     0.00003
   50           68     0.00007
   52          818     0.00055
   54         8026     0.00431
   56         2937     0.00562
TEST CASE: #55
	13	8	14	3
	9	1	0	7
	15	5	4	10
	12	2	6	11
Bound        Nodes         Time
   37           35     0.00004
   39          236     0.00017
   41          170     0.00027
TEST CASE: #56
	3	15	2	5
	11	6	4	7
	12	9	1	0
	13	14	10	8
Bound        Nodes         Time
   39           42     0.00003
   41          233     0.00015
   43         1239     0.00070
   45         6878     0.00353
   47        36847     0.01736
   49       191085     0.08613
   51       976431     0.43554
   53      4907370     2.22459
   55       212589     2.30421
TEST CASE: #57
	5	11	6	9
	4	13	12	0
	8	2	15	10
	1	7	3	14
Bound        Nodes         Time
   46           55     0.00007
   48          591     0.00048
   50         1468     0.00130
TEST CASE: #58
	5	0	15	8
	4	6	1	14
	10	11	3	9
	7	12	2	13
Bound        Nodes         Time
   43           35     0.00004
   45          403     0.00028
   47         2705     0.00160
   49        16775     0.00852
   51        10503     0.01286
TEST CASE: #59
	15	14	6	7
	10	1	0	11
	12	8	4	9
	2	5	13	3
Bound        Nodes         Time
   45           15     0.00003
   47          113     0.00009
   49          557     0.00043
   51         3498     0.00202
   53        23108     0.01148
   55       163710     0.07525
   57        18689     0.08275
TEST CASE: #60
	11	14	13	1
	2	3	12	4
	15	7	9	5
	10	6	8	0
Bound        Nodes         Time
   50            3     0.00000
   52           71     0.00006
   54          618     0.00044
   56         4683     0.00249
   58        34895     0.01614
   60       252049     0.10947
   62      1778416     0.76248
   64     12266035     5.32029
   66     15029281    10.90516
TEST CASE: #61
	6	13	3	2
	11	9	5	10
	1	7	12	14
	8	4	0	15
Bound        Nodes         Time
   35            4     0.00002
   37           33     0.00005
   39          184     0.00016
   41         1188     0.00085
   43         6431     0.00369
   45         3137     0.00502
TEST CASE: #62
	4	6	12	0
	14	2	9	13
	11	8	3	15
	7	10	1	5
Bound        Nodes         Time
   47           14     0.00001
   49           81     0.00007
   51          689     0.00047
   53         5150     0.00277
   55        39494     0.01842
   57       229402     0.11217
TEST CASE: #63
	8	10	9	11
	14	1	7	15
	13	4	0	12
	6	2	5	3
Bound        Nodes         Time
   52          260     0.00018
   54         3518     0.00193
   56        14738     0.00873
TEST CASE: #64
	5	2	14	0
	7	8	6	3
	11	12	13	15
	4	10	9	1
Bound        Nodes         Time
   39            4     0.00000
   41           34     0.00003
   43          211     0.00015
   45         1362     0.00082
   47         9975     0.00520
   49        62859     0.03169
   51       190148     0.10930
TEST CASE: #65
	7	8	3	2
	10	12	4	6
	11	13	5	15
	0	1	9	14
Bound        Nodes         Time
   35           16     0.00001
   37          120     0.00008
   39          450     0.00029
   41         2260     0.00128
   43        11886     0.00618
   45        58785     0.03014
   47         5892     0.03286
TEST CASE: #66
	11	6	14	12
	3	5	1	15
	8	0	10	13
	9	7	4	2
Bound        Nodes         Time
   49           38     0.00003
   51          405     0.00025
   53         3492     0.00199
   55        27749     0.01357
   57       221288     0.10490
   59      1681666     0.73669
   61       443571     0.90464
TEST CASE: #67
	7	1	2	4
	8	3	6	11
	10	15	0	5
	14	12	13	9
Bound        Nodes         Time
   34           21     0.00003
   36           92     0.00007
   38          406     0.00032
   40         1845     0.00110
   42         8135     0.00424
   44        36792     0.01760
   46       168821     0.07695
   48       773745     0.34792
   50        55116     0.36838
TEST CASE: #68
	7	3	1	13
	12	10	5	2
	8	0	6	11
	14	15	4	9
Bound        Nodes         Time
   37            7     0.00001
   39           40     0.00004
   41          228     0.00017
   43         1372     0.00085
   45         7788     0.00421
   47        42822     0.02066
   49       228830     0.10558
   51        61999     0.12953
TEST CASE: #69
	6	0	5	15
	1	14	4	9
	2	13	8	10
	11	12	7	3
Bound        Nodes         Time
   41           11     0.00002
   43           61     0.00006
   45          319     0.00026
   47         1616     0.00102
   49         9645     0.00500
   51        56868     0.02677
   53       216521     0.10815
TEST CASE: #70
	15	1	3	12
	4	0	6	5
	2	8	14	9
	13	10	7	11
Bound        Nodes         Time
   40           10     0.00002
   42          100     0.00007
   44          853     0.00050
   46         6271     0.00291
   48        41281     0.01776
   50       266116     0.11040
   52        74075     0.13721
TEST CASE: #71
	5	7	0	11
	12	1	9	10
	15	6	2	3
	8	4	13	14
Bound        Nodes         Time
   38           13     0.00003
   40           79     0.00008
   42          687     0.00051
   44          336     0.00073
TEST CASE: #72
	12	15	11	10
	4	5	14	0
	13	7	1	2
	9	8	3	6
Bound        Nodes         Time
   46           18     0.00003
   48          142     0.00014
   50         1157     0.00073
   52         9769     0.00481
   54        75766     0.03310
   56        71813     0.05938
TEST CASE: #73
	6	14	10	5
	15	8	7	1
	3	4	2	0
	12	9	11	13
Bound        Nodes         Time
   37            1     0.00000
   39            8     0.00002
   41           80     0.00007
   43          654     0.00043
   45         4879     0.00246
   47        30085     0.01373
   49        75868     0.04191
TEST CASE: #74
	14	13	4	11
	15	8	6	9
	0	7	3	1
	2	10	12	5
Bound        Nodes         Time
   50           29     0.00004
   52          371     0.00030
   54         3547     0.00195
   56        23251     0.01120
TEST CASE: #75
	14	4	0	10
	6	5	1	3
	9	2	13	15
	12	7	8	11
Bound        Nodes         Time
   36           14     0.00002
   38           99     0.00008
   40          454     0.00032
   42         2221     0.00129
   44        12148     0.00603
   46        66828     0.03067
   48        13055     0.03559
TEST CASE: #76
	15	10	8	3
	0	6	9	5
	1	14	13	11
	7	2	12	4
Bound        Nodes         Time
   47            5     0.00000
   49          128     0.00010
   51         1307     0.00075
   53        11734     0.00569
   55        91585     0.04098
   57       565417     0.25930
TEST CASE: #77
	0	13	2	4
	12	14	6	9
	15	1	10	3
	11	5	8	7
Bound        Nodes         Time
   44           13     0.00003
   46          256     0.00022
   48         1856     0.00112
   50        11434     0.00586
   52        68074     0.03154
   54       146711     0.09071
TEST CASE: #78
	3	14	13	6
	4	15	8	9
	5	12	10	0
	2	7	1	11
Bound        Nodes         Time
   45           45     0.00004
   47          230     0.00016
   49         1629     0.00094
   51        11813     0.00584
   53        36300     0.02048
TEST CASE: #79
	0	1	9	7
	11	13	5	3
	14	12	4	2
	8	6	10	15
Bound        Nodes         Time
   34            7     0.00001
   36           43     0.00004
   38          214     0.00015
   40         1181     0.00072
   42         2692     0.00198
TEST CASE: #80
	11	0	15	8
	13	12	3	5
	10	1	4	6
	14	9	7	2
Bound        Nodes         Time
   49           13     0.00001
   51           97     0.00007
   53         1173     0.00065
   55        11509     0.00560
   57        25421     0.01593
TEST CASE: #81
	13	0	9	12
	11	6	3	5
	15	8	1	10
	4	14	2	7
Bound        Nodes         Time
   51          116     0.00008
   53          967     0.00058
TEST CASE: #82
	14	10	2	1
	13	9	8	11
	7	3	6	12
	15	5	4	0
Bound        Nodes         Time
   50            6     0.00001
   52          111     0.00007
   54         1005     0.00060
   56        10391     0.00540
   58        92191     0.04657
   60       768947     0.36779
   62      1076880     0.77786
TEST CASE: #83
	12	3	9	1
	4	5	10	2
	6	11	15	0
	14	7	13	8
Bound        Nodes         Time
   39           33     0.00004
   41          169     0.00012
   43         1059     0.00067
   45         6120     0.00315
   47        34210     0.01617
   49        89099     0.04934
TEST CASE: #84
	15	8	10	7
	0	12	14	1
	5	9	6	3
	13	11	4	2
Bound        Nodes         Time
   45           11     0.00003
   47          145     0.00015
   49          999     0.00070
   51         7173     0.00390
   53        52870     0.02496
   55       135463     0.07669
TEST CASE: #85
	4	7	13	10
	1	2	9	6
	12	8	14	5
	3	0	11	15
Bound        Nodes         Time
   36           12     0.00003
   38           97     0.00011
   40          531     0.00042
   42         2937     0.00179
   44         7971     0.00518
TEST CASE: #86
	6	0	5	10
	11	12	9	2
	1	7	4	3
	14	8	13	15
Bound        Nodes         Time
   37           11     0.00001
   39          106     0.00008
   41          796     0.00049
   43         5131     0.00282
   45         3586     0.00439
TEST CASE: #87
	9	5	11	10
	13	0	2	1
	8	6	14	12
	4	7	3	15
Bound        Nodes         Time
   44           11     0.00002
   46           86     0.00008
   48          839     0.00053
   50         6204     0.00333
   52        17381     0.01084
TEST CASE: #88
	15	2	12	11
	14	13	9	5
	1	3	8	7
	0	10	6	4
Bound        Nodes         Time
   55           95     0.00009
   57         1311     0.00086
   59        14755     0.00758
   61       144485     0.06535
   63      1279910     0.56717
   65        36501     0.58303
TEST CASE: #89
	11	1	7	4
	10	13	3	8
	9	14	0	15
	6	5	2	12
Bound        Nodes         Time
   40            9     0.00002
   42           42     0.00005
   44          224     0.00017
   46         1138     0.00078
   48         6312     0.00348
   50        34407     0.01696
   52       186996     0.08709
   54       210847     0.16673
TEST CASE: #90
	5	4	7	1
	11	12	14	15
	10	13	8	6
	2	0	9	3
Bound        Nodes         Time
   38            5     0.00000
   40           62     0.00006
   42          391     0.00031
   44         2162     0.00131
   46        11574     0.00606
   48        65369     0.03071
   50       174481     0.09513
TEST CASE: #91
	9	7	5	2
	14	15	12	10
	11	3	6	1
	8	13	0	4
Bound        Nodes         Time
   43            8     0.00002
   45           47     0.00006
   47          367     0.00028
   49         2539     0.00142
   51        16251     0.00772
   53       103016     0.04528
   55       632553     0.27226
   57       911714     0.61827
TEST CASE: #92
	3	2	7	9
	0	15	12	4
	6	11	5	14
	8	13	10	1
Bound        Nodes         Time
   41           19     0.00002
   43          157     0.00011
   45         1063     0.00061
   47         6569     0.00332
   49        38215     0.01847
   51       216355     0.10397
   53      1194805     0.53870
   55      6449009     2.90369
   57       423481     3.06207
TEST CASE: #93
	13	9	14	6
	12	8	1	2
	3	4	0	7
	5	10	11	15
Bound        Nodes         Time
   40            1     0.00000
   42           68     0.00007
   44          850     0.00062
   46         1559     0.00145
TEST CASE: #94
	5	7	11	8
	0	14	9	13
	10	12	3	15
	6	1	4	2
Bound        Nodes         Time
   45            1     0.00000
   47           13     0.00003
   49          172     0.00018
   51         1398     0.00096
   53           58     0.00101
TEST CASE: #95
	4	3	6	13
	7	15	9	0
	10	5	8	11
	2	12	1	14
Bound        Nodes         Time
   38            1     0.00000
   40           24     0.00002
   42          100     0.00008
   44          635     0.00051
   46         3869     0.00237
   48        22644     0.01179
   50        35484     0.02620
TEST CASE: #96
	1	7	15	14
	2	6	4	9
	12	11	13	3
	0	8	5	10
Bound        Nodes         Time
   39            4     0.00000
   41           32     0.00004
   43          222     0.00018
   45         1761     0.00102
   47        11701     0.00577
   49         5177     0.00776
TEST CASE: #97
	9	14	5	7
	8	15	1	2
	10	4	13	6
	12	0	11	3
Bound        Nodes         Time
   38           12     0.00002
   40          173     0.00014
   42         1050     0.00068
   44         4394     0.00255
TEST CASE: #98
	0	11	3	12
	5	2	1	9
	8	10	14	15
	7	4	13	6
Bound        Nodes         Time
   48           17     0.00003
   50          794     0.00048
   52        10085     0.00502
   54        86956     0.03974
TEST CASE: #99
	7	15	4	0
	10	9	2	5
	12	11	13	6
	1	3	14	8
Bound        Nodes         Time
   43            3     0.00000
   45           60     0.00006
   47          364     0.00027
   49         2214     0.00134
   51        13459     0.00690
   53        82351     0.03870
   55       497344     0.22722
   57      1924185     0.95877
TEST CASE: #100
	11	4	0	8
	6	10	5	13
	12	7	14	3
	1	2	9	15
Bound        Nodes         Time
   44            3     0.00000
   46           61     0.00006
   48          647     0.00047
   50         5726     0.00328
   52        47185     0.02288
   54        38411     0.03837
