Time to Initialize PDB1: 1.28366 Size of PDB1: 518918400
PDB1 Read from file: 518918400
Time to Initialize PDB2: 10.9795 Size of PDB2: 4151347200
PDB2 Read from file: 4151347200
TEST CASE: #1
	14	13	15	7
	11	12	9	5
	6	0	2	1
	4	8	10	3
Bound        Nodes         Time
   45            1     0.00000
   47           36     0.00004
   49          157     0.00014
   51         1244     0.00076
   53         8343     0.00457
   55        57935     0.02973
   57       288562     0.15493
TEST CASE: #2
	13	5	4	10
	9	12	8	14
	2	3	7	1
	0	15	11	6
Bound        Nodes         Time
   45            7     0.00001
   47          106     0.00008
   49          872     0.00053
   51         6913     0.00377
   53        48645     0.02574
   55        60483     0.05347
TEST CASE: #3
	14	7	8	2
	13	11	10	4
	9	12	5	0
	3	6	1	15
Bound        Nodes         Time
   47           49     0.00004
   49          390     0.00027
   51         2863     0.00176
   53        20978     0.01192
   55       142854     0.08060
   57       963440     0.50119
   59       276058     0.62047
TEST CASE: #4
	5	12	10	7
	15	11	14	0
	8	2	1	13
	3	4	9	6
Bound        Nodes         Time
   46           12     0.00003
   48           70     0.00008
   50          469     0.00044
   52         3786     0.00250
   54        29876     0.01635
   56       176006     0.09333
TEST CASE: #5
	4	7	14	13
	10	3	9	12
	11	5	6	15
	1	2	8	0
Bound        Nodes         Time
   48          105     0.00009
   50          956     0.00060
   52         8338     0.00430
   54        68475     0.03208
   56         7232     0.03503
TEST CASE: #6
	14	7	1	9
	12	3	6	15
	8	11	2	5
	10	0	4	13
Bound        Nodes         Time
   42           15     0.00003
   44          134     0.00014
   46          851     0.00061
   48         5651     0.00321
   50        35545     0.01798
   52         9953     0.02228
TEST CASE: #7
	2	11	15	5
	13	4	6	7
	12	8	10	1
	9	3	14	0
Bound        Nodes         Time
   38            7     0.00002
   40           22     0.00004
   42          186     0.00017
   44         1066     0.00071
   46         6532     0.00360
   48        39807     0.01972
   50       240141     0.11349
   52      1274538     0.61049
TEST CASE: #8
	12	11	15	3
	8	0	4	2
	6	13	9	5
	14	1	10	7
Bound        Nodes         Time
   44           72     0.00006
   46          548     0.00038
   48         4336     0.00240
   50        12686     0.00791
TEST CASE: #9
	3	14	9	11
	5	4	8	2
	13	12	6	7
	10	1	15	0
Bound        Nodes         Time
   40           31     0.00004
   42          148     0.00013
   44          817     0.00062
   46          710     0.00103
TEST CASE: #10
	13	11	8	9
	0	15	7	10
	4	3	6	14
	5	12	2	1
Bound        Nodes         Time
   49           17     0.00002
   51          157     0.00014
   53         1100     0.00071
   55         9590     0.00506
   57        82941     0.03945
   59        11582     0.04442
TEST CASE: #11
	5	9	13	14
	6	3	7	12
	10	8	4	0
	15	2	11	1
Bound        Nodes         Time
   47           37     0.00004
   49          460     0.00031
   51         3844     0.00216
   53        27927     0.01408
   55       194003     0.09262
   57       199484     0.17460
TEST CASE: #12
	14	1	9	6
	4	8	12	5
	7	2	3	0
	10	11	13	15
Bound        Nodes         Time
   39           45     0.00005
   41          375     0.00031
   43         2199     0.00139
   45        11471     0.00641
TEST CASE: #13
	3	6	5	2
	10	0	15	14
	1	4	13	12
	9	8	11	7
Bound        Nodes         Time
   36           27     0.00004
   38          158     0.00013
   40         1005     0.00064
   42         5931     0.00313
   44        30616     0.01506
   46       114823     0.05763
TEST CASE: #14
	7	6	8	1
	11	5	14	10
	3	4	9	13
	15	2	0	12
Bound        Nodes         Time
   45           37     0.00004
   47          227     0.00020
   49         1487     0.00102
   51         9344     0.00530
   53        56928     0.02929
   55       337572     0.16712
   57      1966903     1.00794
   59       531712     1.23279
TEST CASE: #15
	13	11	4	12
	1	8	9	15
	6	5	14	2
	7	3	10	0
Bound        Nodes         Time
   52           22     0.00003
   54          186     0.00015
   56         1746     0.00122
   58        16958     0.00970
   60       147614     0.07623
   62       473353     0.28899
TEST CASE: #16
	1	3	2	5
	10	9	15	6
	8	14	13	11
	12	4	7	0
Bound        Nodes         Time
   36           54     0.00005
   38          566     0.00037
   40         4168     0.00220
   42        25211     0.01217
TEST CASE: #17
	15	14	0	4
	11	1	6	13
	7	5	8	9
	3	2	10	12
Bound        Nodes         Time
   54          123     0.00009
   56         1573     0.00088
   58        13913     0.00650
   60       107378     0.04662
   62       799071     0.34428
   64      5769035     2.54265
   66     36043088    16.34915
TEST CASE: #18
	6	0	14	12
	1	15	9	10
	11	4	7	2
	8	3	5	13
Bound        Nodes         Time
   51          168     0.00016
   53         2285     0.00139
   55        12238     0.00702
TEST CASE: #19
	7	11	8	3
	14	0	6	15
	1	4	13	9
	5	12	2	10
Bound        Nodes         Time
   40           46     0.00004
   42          281     0.00021
   44         1977     0.00113
   46         7930     0.00458
TEST CASE: #20
	6	12	11	3
	13	7	9	15
	2	14	8	10
	4	1	5	0
Bound        Nodes         Time
   46           62     0.00006
   48          667     0.00050
   50         7029     0.00402
   52        14868     0.01065
TEST CASE: #21
	12	8	14	6
	11	4	7	0
	5	1	10	15
	3	13	9	2
Bound        Nodes         Time
   44            7     0.00002
   46           47     0.00006
   48          532     0.00039
   50         5253     0.00311
   52        41110     0.02124
   54         3796     0.02288
TEST CASE: #22
	14	3	9	1
	15	8	4	5
	11	7	10	13
	0	2	12	6
Bound        Nodes         Time
   45           19     0.00003
   47          140     0.00014
   49          772     0.00057
   51         4299     0.00254
   53        25969     0.01340
   55       157242     0.07576
   57       944920     0.44766
   59      1679772     1.09903
TEST CASE: #23
	10	9	3	11
	0	13	2	14
	5	6	4	7
	8	15	1	12
Bound        Nodes         Time
   43           19     0.00003
   45          342     0.00028
   47         2690     0.00164
   49         1949     0.00255
TEST CASE: #24
	7	3	14	13
	4	1	10	8
	5	12	9	11
	2	15	6	0
Bound        Nodes         Time
   44            6     0.00001
   46          111     0.00009
   48         1187     0.00078
   50         9925     0.00539
   52        73411     0.03626
   54        59685     0.06129
TEST CASE: #25
	11	4	2	7
	1	0	10	15
	6	9	14	8
	3	13	5	12
Bound        Nodes         Time
   40           18     0.00003
   42          156     0.00015
   44          871     0.00060
   46         5479     0.00314
   48        32198     0.01683
   50       185504     0.09308
   52       176014     0.16580
TEST CASE: #26
	5	7	3	12
	15	13	14	8
	0	10	9	6
	1	4	2	11
Bound        Nodes         Time
   48           73     0.00007
   50          865     0.00065
   52         7857     0.00450
   54        66748     0.03314
   56       511511     0.24695
   58       228316     0.34199
TEST CASE: #27
	14	1	8	15
	2	6	0	3
	9	12	10	13
	4	7	5	11
Bound        Nodes         Time
   47           95     0.00006
   49         1071     0.00067
   51         9672     0.00509
   53         1992     0.00604
TEST CASE: #28
	13	14	6	12
	4	5	1	0
	9	3	10	2
	15	11	8	7
Bound        Nodes         Time
   44           13     0.00003
   46          100     0.00009
   48          706     0.00048
   50         5381     0.00296
   52         2961     0.00438
TEST CASE: #29
	9	8	0	2
	15	1	4	14
	3	10	7	5
	11	13	6	12
Bound        Nodes         Time
   46           64     0.00006
   48          830     0.00053
   50         8820     0.00434
   52        67105     0.03052
   54        96256     0.06861
TEST CASE: #30
	12	15	2	6
	1	14	4	8
	5	3	7	0
	10	13	9	11
Bound        Nodes         Time
   41           49     0.00004
   43          525     0.00032
   45         3142     0.00174
   47         6362     0.00448
TEST CASE: #31
	12	8	15	13
	1	0	5	4
	6	3	2	11
	9	7	14	10
Bound        Nodes         Time
   44           32     0.00002
   46          180     0.00013
   48         1505     0.00086
   50         7656     0.00431
TEST CASE: #32
	14	10	9	4
	13	6	5	8
	2	12	7	0
	1	3	11	15
Bound        Nodes         Time
   47           18     0.00002
   49          145     0.00011
   51         1119     0.00072
   53         8692     0.00495
   55        65354     0.03411
   57       476919     0.25803
   59      1474490     0.90677
TEST CASE: #33
	14	3	5	15
	11	6	13	9
	0	10	2	12
	4	1	7	8
Bound        Nodes         Time
   50           22     0.00003
   52          101     0.00010
   54         1200     0.00081
   56        12284     0.00650
   58       104859     0.05007
   60       196755     0.12983
TEST CASE: #34
	6	11	7	8
	13	2	5	4
	1	10	3	9
	14	0	12	15
Bound        Nodes         Time
   40            6     0.00002
   42           63     0.00007
   44          684     0.00055
   46         4895     0.00314
   48        32616     0.01813
   50       203460     0.10713
   52       380577     0.27490
TEST CASE: #35
	1	6	12	14
	3	2	15	8
	4	5	13	9
	0	7	11	10
Bound        Nodes         Time
   49           26     0.00004
   51          375     0.00030
   53         3927     0.00211
   55         5166     0.00448
TEST CASE: #36
	12	6	0	4
	7	3	15	1
	13	9	8	11
	2	14	5	10
Bound        Nodes         Time
   40           13     0.00003
   42           57     0.00006
   44          391     0.00035
   46         2412     0.00153
   48        14299     0.00773
   50        85453     0.04235
   52       281895     0.15418
TEST CASE: #37
	8	1	7	12
	11	0	10	5
	9	15	6	13
	14	2	3	4
Bound        Nodes         Time
   46            5     0.00000
   48          144     0.00010
   50         1423     0.00083
   52        13224     0.00668
   54       104741     0.04860
   56       763574     0.35230
   58       436169     0.52980
TEST CASE: #38
	7	15	8	2
	13	6	3	12
	11	0	4	10
	9	5	1	14
Bound        Nodes         Time
   43           18     0.00003
   45          135     0.00011
   47         1139     0.00073
   49         8663     0.00456
   51        56717     0.02731
   53        87160     0.06105
TEST CASE: #39
	9	0	4	10
	1	14	15	3
	12	6	5	7
	11	13	8	2
Bound        Nodes         Time
   41           10     0.00002
   43           68     0.00007
   45          641     0.00043
   47         4391     0.00245
   49         1189     0.00303
TEST CASE: #40
	11	5	1	14
	4	12	10	0
	2	7	13	3
	9	15	6	8
Bound        Nodes         Time
   44           17     0.00003
   46          165     0.00017
   48         1159     0.00078
   50         8853     0.00473
   52        65127     0.03089
   54       151938     0.09059
TEST CASE: #41
	8	13	10	9
	11	3	15	6
	0	1	2	14
	12	5	4	7
Bound        Nodes         Time
   48            9     0.00002
   50          124     0.00012
   52         1917     0.00124
   54         4570     0.00357
TEST CASE: #42
	4	5	7	2
	9	14	12	13
	0	3	6	11
	8	1	15	10
Bound        Nodes         Time
   30            1     0.00000
   32            4     0.00001
   34           25     0.00004
   36          123     0.00011
   38          581     0.00047
   40         2614     0.00167
   42         3212     0.00304
TEST CASE: #43
	11	15	14	13
	1	9	10	4
	3	6	2	12
	7	5	8	0
Bound        Nodes         Time
   52            5     0.00001
   54           60     0.00006
   56          539     0.00042
   58         4927     0.00285
   60        40504     0.01989
   62       327694     0.15079
   64       164103     0.21856
TEST CASE: #44
	12	9	0	6
	8	3	5	14
	2	4	11	7
	10	1	15	13
Bound        Nodes         Time
   40           34     0.00004
   42          202     0.00016
   44         1128     0.00081
   46         6895     0.00395
   48        39770     0.02069
   50       101882     0.06092
TEST CASE: #45
	3	14	9	7
	12	15	0	4
	1	8	5	6
	11	10	2	13
Bound        Nodes         Time
   41           27     0.00004
   43          166     0.00016
   45         1106     0.00079
   47         6606     0.00378
   49        38262     0.01934
   51       185189     0.09708
TEST CASE: #46
	8	4	6	1
	14	12	2	15
	13	10	9	5
	3	7	0	11
Bound        Nodes         Time
   39           21     0.00002
   41          132     0.00009
   43          947     0.00057
   45         6309     0.00335
   47        38864     0.01945
   49        23850     0.02959
TEST CASE: #47
	6	10	1	14
	15	8	3	5
	13	0	2	7
	4	9	11	12
Bound        Nodes         Time
   43           29     0.00003
   45          357     0.00024
   47          861     0.00071
TEST CASE: #48
	8	11	4	6
	7	3	10	9
	2	12	15	13
	0	1	5	14
Bound        Nodes         Time
   43           20     0.00002
   45          156     0.00012
   47         1309     0.00081
   49         5484     0.00345
TEST CASE: #49
	10	0	2	4
	5	1	6	12
	11	13	9	7
	15	3	14	8
Bound        Nodes         Time
   45           29     0.00002
   47          203     0.00014
   49         1296     0.00083
   51        10606     0.00574
   53        80102     0.04229
   55       539317     0.28673
   57      3429976     1.70334
   59      5197538     3.84264
TEST CASE: #50
	12	5	13	11
	2	10	0	9
	7	8	4	3
	14	6	15	1
Bound        Nodes         Time
   45           14     0.00003
   47          131     0.00015
   49         1106     0.00083
   51         8969     0.00535
   53         6661     0.00860
TEST CASE: #51
	10	2	8	4
	15	0	1	14
	11	13	3	6
	9	7	5	12
Bound        Nodes         Time
   44            3     0.00000
   46           84     0.00007
   48          771     0.00049
   50         5808     0.00292
   52        40947     0.01855
   54       266652     0.11651
   56       196832     0.18984
TEST CASE: #52
	10	8	0	12
	3	7	6	2
	1	14	4	11
	15	13	9	5
Bound        Nodes         Time
   46           20     0.00003
   48          313     0.00026
   50         2689     0.00165
   52        23120     0.01193
   54       173630     0.08364
   56       960156     0.48088
TEST CASE: #53
	14	9	12	13
	15	4	8	10
	0	2	1	7
	3	11	5	6
Bound        Nodes         Time
   54           14     0.00003
   56          257     0.00023
   58         2747     0.00178
   60        27106     0.01418
   62       249200     0.12036
   64        10214     0.12556
TEST CASE: #54
	12	11	0	8
	10	2	13	15
	5	4	7	3
	6	9	14	1
Bound        Nodes         Time
   48           15     0.00003
   50           68     0.00007
   52          818     0.00057
   54         8026     0.00457
   56         2937     0.00596
TEST CASE: #55
	13	8	14	3
	9	1	0	7
	15	5	4	10
	12	2	6	11
Bound        Nodes         Time
   37           35     0.00004
   39          236     0.00017
   41          170     0.00025
TEST CASE: #56
	3	15	2	5
	11	6	4	7
	12	9	1	0
	13	14	10	8
Bound        Nodes         Time
   39           42     0.00003
   41          233     0.00016
   43         1239     0.00074
   45         6878     0.00374
   47        36847     0.01873
   49       191085     0.09247
   51       976431     0.50020
   53      4907370     2.38220
   55       212589     2.46654
TEST CASE: #57
	5	11	6	9
	4	13	12	0
	8	2	15	10
	1	7	3	14
Bound        Nodes         Time
   46           55     0.00007
   48          591     0.00049
   50         1468     0.00133
TEST CASE: #58
	5	0	15	8
	4	6	1	14
	10	11	3	9
	7	12	2	13
Bound        Nodes         Time
   43           35     0.00004
   45          403     0.00036
   47         2705     0.00175
   49        16775     0.00904
   51        10503     0.01362
TEST CASE: #59
	15	14	6	7
	10	1	0	11
	12	8	4	9
	2	5	13	3
Bound        Nodes         Time
   45           15     0.00001
   47          113     0.00009
   49          557     0.00042
   51         3498     0.00208
   53        23108     0.01207
   55       163710     0.08640
   57        18689     0.09497
TEST CASE: #60
	11	14	13	1
	2	3	12	4
	15	7	9	5
	10	6	8	0
Bound        Nodes         Time
   50            3     0.00000
   52           71     0.00005
   54          618     0.00038
   56         4683     0.00253
   58        34895     0.01764
   60       252049     0.12537
   62      1778416     0.84092
   64     12266035     5.70098
   66     15029281    11.69666
TEST CASE: #61
	6	13	3	2
	11	9	5	10
	1	7	12	14
	8	4	0	15
Bound        Nodes         Time
   35            4     0.00000
   37           33     0.00003
   39          184     0.00019
   41         1188     0.00087
   43         6431     0.00385
   45         3137     0.00524
TEST CASE: #62
	4	6	12	0
	14	2	9	13
	11	8	3	15
	7	10	1	5
Bound        Nodes         Time
   47           14     0.00003
   49           81     0.00008
   51          689     0.00050
   53         5150     0.00291
   55        39494     0.01947
   57       229402     0.11299
TEST CASE: #63
	8	10	9	11
	14	1	7	15
	13	4	0	12
	6	2	5	3
Bound        Nodes         Time
   52          260     0.00022
   54         3518     0.00203
   56        14738     0.00893
TEST CASE: #64
	5	2	14	0
	7	8	6	3
	11	12	13	15
	4	10	9	1
Bound        Nodes         Time
   39            4     0.00002
   41           34     0.00004
   43          211     0.00017
   45         1362     0.00088
   47         9975     0.00534
   49        62859     0.03173
   51       190148     0.10817
TEST CASE: #65
	7	8	3	2
	10	12	4	6
	11	13	5	15
	0	1	9	14
Bound        Nodes         Time
   35           16     0.00001
   37          120     0.00008
   39          450     0.00033
   41         2260     0.00137
   43        11886     0.00645
   45        58785     0.03014
   47         5892     0.03274
TEST CASE: #66
	11	6	14	12
	3	5	1	15
	8	0	10	13
	9	7	4	2
Bound        Nodes         Time
   49           38     0.00004
   51          405     0.00034
   53         3492     0.00209
   55        27749     0.01427
   57       221288     0.11070
   59      1681666     0.80657
   61       443571     0.98537
TEST CASE: #67
	7	1	2	4
	8	3	6	11
	10	15	0	5
	14	12	13	9
Bound        Nodes         Time
   34           21     0.00003
   36           92     0.00008
   38          406     0.00033
   40         1845     0.00116
   42         8135     0.00449
   44        36792     0.01865
   46       168821     0.08182
   48       773745     0.37223
   50        55116     0.39396
TEST CASE: #68
	7	3	1	13
	12	10	5	2
	8	0	6	11
	14	15	4	9
Bound        Nodes         Time
   37            7     0.00002
   39           40     0.00004
   41          228     0.00019
   43         1372     0.00089
   45         7788     0.00432
   47        42822     0.02174
   49       228830     0.11202
   51        61999     0.13742
TEST CASE: #69
	6	0	5	15
	1	14	4	9
	2	13	8	10
	11	12	7	3
Bound        Nodes         Time
   41           11     0.00002
   43           61     0.00006
   45          319     0.00027
   47         1616     0.00107
   49         9645     0.00526
   51        56868     0.02867
   53       216521     0.11493
TEST CASE: #70
	15	1	3	12
	4	0	6	5
	2	8	14	9
	13	10	7	11
Bound        Nodes         Time
   40           10     0.00002
   42          100     0.00007
   44          853     0.00052
   46         6271     0.00309
   48        41281     0.01898
   50       266116     0.11821
   52        74075     0.14678
TEST CASE: #71
	5	7	0	11
	12	1	9	10
	15	6	2	3
	8	4	13	14
Bound        Nodes         Time
   38           13     0.00003
   40           79     0.00008
   42          687     0.00053
   44          336     0.00072
TEST CASE: #72
	12	15	11	10
	4	5	14	0
	13	7	1	2
	9	8	3	6
Bound        Nodes         Time
   46           18     0.00002
   48          142     0.00009
   50         1157     0.00069
   52         9769     0.00502
   54        75766     0.03512
   56        71813     0.06312
TEST CASE: #73
	6	14	10	5
	15	8	7	1
	3	4	2	0
	12	9	11	13
Bound        Nodes         Time
   37            1     0.00000
   39            8     0.00002
   41           80     0.00007
   43          654     0.00043
   45         4879     0.00259
   47        30085     0.01455
   49        75868     0.04460
TEST CASE: #74
	14	13	4	11
	15	8	6	9
	0	7	3	1
	2	10	12	5
Bound        Nodes         Time
   50           29     0.00004
   52          371     0.00033
   54         3547     0.00203
   56        23251     0.01181
TEST CASE: #75
	14	4	0	10
	6	5	1	3
	9	2	13	15
	12	7	8	11
Bound        Nodes         Time
   36           14     0.00002
   38           99     0.00008
   40          454     0.00034
   42         2221     0.00137
   44        12148     0.00640
   46        66828     0.03255
   48        13055     0.03775
TEST CASE: #76
	15	10	8	3
	0	6	9	5
	1	14	13	11
	7	2	12	4
Bound        Nodes         Time
   47            5     0.00000
   49          128     0.00011
   51         1307     0.00081
   53        11734     0.00603
   55        91585     0.04379
   57       565417     0.27674
TEST CASE: #77
	0	13	2	4
	12	14	6	9
	15	1	10	3
	11	5	8	7
Bound        Nodes         Time
   44           13     0.00003
   46          256     0.00023
   48         1856     0.00116
   50        11434     0.00610
   52        68074     0.03334
   54       146711     0.09097
TEST CASE: #78
	3	14	13	6
	4	15	8	9
	5	12	10	0
	2	7	1	11
Bound        Nodes         Time
   45           45     0.00005
   47          230     0.00021
   49         1629     0.00101
   51        11813     0.00604
   53        36300     0.02088
TEST CASE: #79
	0	1	9	7
	11	13	5	3
	14	12	4	2
	8	6	10	15
Bound        Nodes         Time
   34            7     0.00001
   36           43     0.00004
   38          214     0.00015
   40         1181     0.00084
   42         2692     0.00215
TEST CASE: #80
	11	0	15	8
	13	12	3	5
	10	1	4	6
	14	9	7	2
Bound        Nodes         Time
   49           13     0.00003
   51           97     0.00011
   53         1173     0.00072
   55        11509     0.00590
   57        25421     0.01628
TEST CASE: #81
	13	0	9	12
	11	6	3	5
	15	8	1	10
	4	14	2	7
Bound        Nodes         Time
   51          116     0.00011
   53          967     0.00067
TEST CASE: #82
	14	10	2	1
	13	9	8	11
	7	3	6	12
	15	5	4	0
Bound        Nodes         Time
   50            6     0.00001
   52          111     0.00009
   54         1005     0.00067
   56        10391     0.00564
   58        92191     0.04502
   60       768947     0.39644
   62      1076880     0.84423
TEST CASE: #83
	12	3	9	1
	4	5	10	2
	6	11	15	0
	14	7	13	8
Bound        Nodes         Time
   39           33     0.00004
   41          169     0.00013
   43         1059     0.00070
   45         6120     0.00335
   47        34210     0.01717
   49        89099     0.05291
TEST CASE: #84
	15	8	10	7
	0	12	14	1
	5	9	6	3
	13	11	4	2
Bound        Nodes         Time
   45           11     0.00001
   47          145     0.00011
   49          999     0.00065
   51         7173     0.00404
   53        52870     0.02671
   55       135463     0.08242
TEST CASE: #85
	4	7	13	10
	1	2	9	6
	12	8	14	5
	3	0	11	15
Bound        Nodes         Time
   36           12     0.00003
   38           97     0.00011
   40          531     0.00044
   42         2937     0.00187
   44         7971     0.00547
TEST CASE: #86
	6	0	5	10
	11	12	9	2
	1	7	4	3
	14	8	13	15
Bound        Nodes         Time
   37           11     0.00003
   39          106     0.00011
   41          796     0.00056
   43         5131     0.00296
   45         3586     0.00460
TEST CASE: #87
	9	5	11	10
	13	0	2	1
	8	6	14	12
	4	7	3	15
Bound        Nodes         Time
   44           11     0.00002
   46           86     0.00008
   48          839     0.00054
   50         6204     0.00349
   52        17381     0.01117
TEST CASE: #88
	15	2	12	11
	14	13	9	5
	1	3	8	7
	0	10	6	4
Bound        Nodes         Time
   55           95     0.00010
   57         1311     0.00086
   59        14755     0.00796
   61       144485     0.06965
   63      1279910     0.60198
   65        36501     0.61876
TEST CASE: #89
	11	1	7	4
	10	13	3	8
	9	14	0	15
	6	5	2	12
Bound        Nodes         Time
   40            9     0.00001
   42           42     0.00005
   44          224     0.00021
   46         1138     0.00080
   48         6312     0.00372
   50        34407     0.01807
   52       186996     0.09231
   54       210847     0.17649
TEST CASE: #90
	5	4	7	1
	11	12	14	15
	10	13	8	6
	2	0	9	3
Bound        Nodes         Time
   38            5     0.00001
   40           62     0.00005
   42          391     0.00030
   44         2162     0.00136
   46        11574     0.00630
   48        65369     0.03278
   50       174481     0.10321
TEST CASE: #91
	9	7	5	2
	14	15	12	10
	11	3	6	1
	8	13	0	4
Bound        Nodes         Time
   43            8     0.00001
   45           47     0.00004
   47          367     0.00024
   49         2539     0.00140
   51        16251     0.00816
   53       103016     0.04882
   55       632553     0.29097
   57       911714     0.64430
TEST CASE: #92
	3	2	7	9
	0	15	12	4
	6	11	5	14
	8	13	10	1
Bound        Nodes         Time
   41           19     0.00002
   43          157     0.00011
   45         1063     0.00064
   47         6569     0.00353
   49        38215     0.01936
   51       216355     0.11028
   53      1194805     0.59869
   55      6449009     3.12379
   57       423481     3.29269
TEST CASE: #93
	13	9	14	6
	12	8	1	2
	3	4	0	7
	5	10	11	15
Bound        Nodes         Time
   40            1     0.00000
   42           68     0.00008
   44          850     0.00062
   46         1559     0.00149
TEST CASE: #94
	5	7	11	8
	0	14	9	13
	10	12	3	15
	6	1	4	2
Bound        Nodes         Time
   45            1     0.00000
   47           13     0.00003
   49          172     0.00019
   51         1398     0.00097
   53           58     0.00102
TEST CASE: #95
	4	3	6	13
	7	15	9	0
	10	5	8	11
	2	12	1	14
Bound        Nodes         Time
   38            1     0.00000
   40           24     0.00002
   42          100     0.00009
   44          635     0.00051
   46         3869     0.00245
   48        22644     0.01243
   50        35484     0.02773
TEST CASE: #96
	1	7	15	14
	2	6	4	9
	12	11	13	3
	0	8	5	10
Bound        Nodes         Time
   39            4     0.00000
   41           32     0.00004
   43          222     0.00019
   45         1761     0.00106
   47        11701     0.00616
   49         5177     0.00829
TEST CASE: #97
	9	14	5	7
	8	15	1	2
	10	4	13	6
	12	0	11	3
Bound        Nodes         Time
   38           12     0.00001
   40          173     0.00012
   42         1050     0.00064
   44         4394     0.00263
TEST CASE: #98
	0	11	3	12
	5	2	1	9
	8	10	14	15
	7	4	13	6
Bound        Nodes         Time
   48           17     0.00001
   50          794     0.00047
   52        10085     0.00531
   54        86956     0.04285
TEST CASE: #99
	7	15	4	0
	10	9	2	5
	12	11	13	6
	1	3	14	8
Bound        Nodes         Time
   43            3     0.00000
   45           60     0.00005
   47          364     0.00026
   49         2214     0.00135
   51        13459     0.00731
   53        82351     0.04165
   55       497344     0.24255
   57      1924185     1.01494
TEST CASE: #100
	11	4	0	8
	6	10	5	13
	12	7	14	3
	1	2	9	15
Bound        Nodes         Time
   44            3     0.00000
   46           61     0.00007
   48          647     0.00052
   50         5726     0.00347
   52        47185     0.02423
   54        38411     0.04053
TOTAL TIME: 52.65767
